1838167405 1893867912
1
sift 548
88 82
2 1
0 0
109 103
261 86
7 5
111 104
184 228
8 10
127 121
266 279
12 15
130 125
219 219
15 16
131 135
358 338
14 17
151 157
240 293
17 18
180 200
408 386
21 20
242 259
318 268
24 24
230 270
493 419
23 26
194 339
291 309
29 30
258 265
390 552
36 31
286 289
348 333
35 32
322 312
474 448
32 33
307 332
387 388
41 34
336 330
481 534
43 39
398 406
479 429
44 41
431 394
557 623
54 44
446 445
542 524
48 53
464 465
623 715
52 49
467 496
555 545
53 51
517 450
679 840
57 47
499 471
721 451
55 48
511 468
787 814
62 56
497 492
599 593
63 58
504 510
772 847
65 68
548 499
600 601
71 66
496 568
715 988
75 60
529 543
611 656
69 74
572 526
968 866
76 65
527 589
725 617
74 72
546 562
935 945
68 77
552 561
686 648
79 89
678 500
986 905
83 80
591 592
724 625
86 79
637 585
983 934
78 95
651 605
654 717
85 90
626 714
1078 1110
90 91
689 662
774 643
106 75
708 704
1234 1375
95 81
813 639
867 642
92 92
693 755
1357 1376
102 87
717 749
836 695
100 101
767 702
105 108
822 699
793 751
108 110
736 776
128 107
800 722
823 741
115 113
703 882
113 115
806 828
832 742
112 119
747 850
121 117
925 734
845 897
120 122
853 826
149 109
904 820
883 922
133 123
1035 787
143 145
909 961
911 972
150 143
1045 817
141 155
906 990
934 966
147 163
952 948
144 169
943 1017
985 956
179 142
1083 920
158 154
988 1012
1085 975
187 139
989 1020
161 166
1245 893
1024 1041
166 161
1099 1010
169 168
1055 1172
1066 1130
170 173
1114 1097
182 164
1062 1195
1135 1144
185 172
1111 1147
188 176
1092 1217
1244 1113
186 189
1112 1211
190 188
1158 1220
1309 1091
162 220
1222 1182
199 192
1288 1109
1166 1247
208 191
1242 1199
212 186
1180 1283
1107 1366
226 177
1136 1385
244 180
1257 1259
1203 1307
210 209
1204 1343
251 182
1243 1319
1251 1289
214 202
1192 1359
218 221
1306 1251
1408 1163
228 226
1239 1340
220 258
1194 1406
1298 1351
253 211
1148 1451
236 230
1381 1317
1344 1428
252 216
1384 1391
238 236
1355 1423
1410 1383
235 243
1358 1421
231 252
227 266
243 250
239 255
246 253
249 248
259 240
257 251
287 234
250 271
256 267
255 284
280 269
274 282
272 286
292 277
308 273
293 292
268 323
313 283
301 300
264 334
324 291
294 313
346 288
319 298
306 306
263 364
332 295
371 303
339 317
353 315
342 324
393 311
344 352
345 369
370 351
343 378
363 366
349 379
275 475
365 371
381 357
382 367
388 363
385 365
404 344
380 375
375 383
409 361
395 377
429 353
473 328
416 368
397 390
396 392
337 453
262 737
417 409
428 410
507 356
457 400
436 416
438 422
430 438
475 414
469 421
468 427
530 393
403 520
421 479
437 481
471 444
392 578
502 430
477 467
540 418
508 443
490 470
482 487
386 665
514 460
616 403
547 435
419 618
528 457
498 494
505 501
506 522
535 502
532 518
563 474
513 569
484 606
556 515
603 480
549 546
545 554
525 583
564 539
650 476
590 535
593 553
695 469
592 555
582 563
539 630
614 547
576 627
629 571
598 612
605 599
622 598
628 602
615 624
581 661
575 671
608 641
567 700
676 588
688 586
631 644
606 677
684 621
618 686
627 674
644 668
829 556
868 550
706 634
713 636
759 610
730 631
646 725
885 565
700 669
617 786
692 672
680 693
901 566
662 719
551 954
658 744
673 738
672 773
781 666
746 694
750 708
711 759
737 730
719 763
763 711
956 611
798 692
664 852
723 778
1001 587
669 856
728 779
738 772
709 815
748 771
872 697
752 791
779 760
660 942
771 807
740 853
803 800
884 733
734 879
665 1004
784 844
791 841
878 781
761 877
993 676
997 681
876 802
778 874
847 824
804 876
830 862
825 869
837 867
914 818
831 921
849 916
893 883
733 1046
1032 739
785 1002
1018 757
1009 777
922 871
959 836
939 860
1004 806
755 1061
890 959
951 887
810 1049
955 919
973 898
888 995
930 935
856 1025
891 1008
1028 845
917 986
777 1114
958 960
948 979
871 1060
1053 870
979 955
932 998
981 963
928 1043
970 1019
846 1192
739 1335
975 1027
972 1055
1229 842
1156 910
940 1112
1098 982
1023 1035
1116 969
895 1240
953 1197
1120 1005
844 1394
1198 970
1051 1082
1079 1067
1042 1094
926 1277
1017 1125
1013 1134
1069 1078
965 1252
1121 1051
1236 981
1016 1171
1379 868
1015 1179
1105 1079
1253 1022
1043 1237
1006 1295
1151 1126
1086 1228
1174 1117
1140 1153
1212 1105
1089 1248
1181 1157
1297 1068
1235 1123
1225 1146
1063 1341
1150 1235
1082 1327
1228 1169
1029 1405
1353 1066
1221 1204
1110 1305
1031 1415
1104 1339
1293 1122
1340 1101
1186 1254
1283 1165
1103 1389
1232 1255
1211 1285
1169 1337
1233 1273
1125 1393
1254 1250
1312 1208
1185 1338
1405 1080
1310 1216
1287 1241
1141 1401
1200 1395
1349 1239
1255 1358
1266 1352
1299 1311
1208 1432
1345 1301
1336 1314
1303 1355
1334 1325
1395 1244
1352 1315
1378 1312
1375 1332
1328 1398
1308 1430
1399 1328
1342 1437
1396 1416
1863203546 1955067201
1
sift 174
19 14
169 95
3 4
367 481
6 5
329 240
10 7
11 8
482 402
14 10
18 16
508 398
21 18
24 17
30 23
29 25
31 27
27 32
43 30
36 39
38 38
54 33
45 47
58 44
53 48
57 46
71 50
76 51
85 49
73 60
75 59
79 58
82 63
83 62
84 70
97 68
104 65
91 81
93 79
94 82
105 71
95 86
111 74
108 84
103 97
110 103
121 91
115 102
127 107
142 104
119 118
137 109
135 117
156 112
129 168
146 142
151 132
154 135
153 139
157 140
183 115
171 129
165 141
180 134
189 123
162 167
166 170
196 130
195 147
175 176
232 150
243 161
249 152
212 197
214 201
221 208
199 247
264 173
223 218
224 224
369 149
231 238
301 187
239 254
262 220
254 234
283 223
293 227
281 244
298 229
380 183
347 203
271 263
288 251
322 226
303 241
332 225
317 237
333 230
289 259
321 257
260 327
279 303
348 249
324 268
318 275
352 260
304 294
316 291
346 274
331 299
350 283
319 322
381 261
353 313
360 317
302 389
361 348
399 309
376 351
404 335
385 355
416 347
423 342
419 350
356 413
488 290
434 343
412 358
462 329
439 374
605 264
390 425
565 293
475 382
469 394
497 370
566 320
531 360
472 400
552 356
533 380
532 391
465 461
453 475
515 412
473 460
486 462
523 424
505 485
530 471
575 421
638 393
668 377
539 492
572 450
599 432
587 468
559 500
580 498
569 515
617 467
633 459
610 480
568 528
595 510
640 473
624 495
619 506
643 504
623 521
685 479
660 525
691 484
1893867912 2055436659
1
sift 81
608 297
0 0
323 429
76 77
25 23
902 804
29 30
469 763
193 166
31 31
35 44
1349 1081
147 252
87 53
58 68
201 190
66 67
77 60
229 178
90 70
92 74
239 176
119 82
164 102
349 388
192 140
172 152
548 342
204 175
163 241
620 464
242 164
220 227
810 448
250 250
301 310
713 713
318 291
398 279
614 887
262 489
393 305
1132 964
378 356
379 355
1407 809
420 389
438 367
1107 1290
470 453
481 503
612 431
459 582
435 626
587 505
590 578
855 450
785 481
709 564
599 643
842 517
745 648
935 610
644 912
723 829
953 667
954 768
952 858
969 850
955 872
876 978
1235 892
1067 1048
1078 1119
1025 1252
1302 1072
1314 1212
1218 1362
1395 1284
1405 1342
1398 1417
