1704613598 1838167405
1
sift 206
96 109
58 67
6 10
74 77
42 28
13 17
171 184
14 19
194 246
67 65
17 20
322 373
29 33
357 431
62 72
21 44
431 411
33 34
473 468
131 187
36 31
493 493
28 39
619 546
165 158
40 36
527 618
39 37
741 563
193 231
34 40
654 659
44 41
719 787
210 206
52 42
765 786
51 46
233 241
49 53
56 55
286 337
64 45
46 71
320 340
54 64
65 58
319 341
71 70
72 74
430 323
69 79
77 82
392 397
87 102
94 100
381 409
97 96
108 99
411 453
127 92
121 103
488 466
101 126
113 116
591 632
112 127
128 119
670 591
136 114
122 130
564 707
139 117
144 144
735 755
150 160
159 152
148 171
177 148
169 163
164 180
168 177
161 193
162 194
198 167
172 192
184 191
187 205
179 216
189 217
223 189
186 225
229 196
188 233
201 218
199 226
215 212
237 219
182 268
226 228
206 259
231 252
254 229
243 239
249 250
240 258
255 253
219 278
265 237
257 264
270 249
245 309
280 280
294 272
347 267
315 322
332 311
349 300
352 304
336 316
327 328
340 314
307 349
314 358
303 379
383 312
343 352
361 343
362 362
384 345
377 355
356 374
448 306
370 385
367 389
359 406
393 382
391 390
407 368
406 392
382 423
404 405
438 375
449 384
413 410
483 383
442 436
420 464
446 471
523 425
502 446
471 509
497 488
498 489
553 448
475 545
522 480
424 634
600 465
540 525
513 561
538 529
539 536
541 544
531 556
580 517
521 571
486 627
592 518
739 442
532 572
492 635
621 510
634 521
750 452
561 577
579 580
616 584
668 550
577 614
504 747
644 592
685 562
524 724
582 656
736 554
709 570
649 625
581 691
613 669
640 661
706 612
747 589
641 679
674 648
651 685
688 660
723 647
680 702
712 739
742 720
758 709
686 782
737 775
759 752
762 773
1704613598 1863203546
1
sift 80
292 200
6 6
622 446
8 7
13 10
26 28
33 25
46 23
29 31
49 29
36 37
52 44
70 45
57 57
77 50
73 51
72 59
94 62
79 79
112 71
125 65
121 102
169 74
133 104
135 107
157 109
152 117
147 121
138 136
146 134
199 112
228 105
168 133
159 166
162 176
240 147
271 130
241 170
208 201
231 208
237 218
285 173
273 190
340 161
296 203
295 222
312 227
333 226
359 237
363 247
370 241
395 229
317 303
360 349
419 309
394 350
446 313
421 355
324 512
451 342
502 335
549 290
531 343
521 374
533 370
525 383
522 400
543 391
651 393
610 412
684 379
587 425
707 377
553 519
615 500
644 480
635 495
637 505
659 506
698 510
1704613598 1893867912
1
sift 155
171 166
6 11
319 343
42 27
16 17
322 357
13 18
431 432
67 47
28 24
474 481
40 32
493 482
62 64
39 33
619 517
51 43
527 605
165 133
52 46
654 667
54 44
670 525
195 129
64 42
765 758
46 62
648 681
131 193
56 60
72 55
210 213
65 58
69 69
193 238
77 72
86 70
233 225
108 71
127 66
253 236
97 89
102 85
248 360
113 92
128 95
315 301
154 83
112 117
338 302
136 97
122 120
303 422
157 118
160 123
320 419
151 132
144 156
358 373
169 137
148 151
367 371
168 140
164 154
391 361
162 158
189 141
381 379
161 185
172 175
392 381
184 167
198 162
475 557
242 138
179 197
625 530
223 160
186 209
488 755
215 190
229 180
564 701
237 178
205 212
641 741
201 216
231 198
735 710
226 205
199 231
737 727
188 240
206 221
265 203
254 215
255 239
240 257
349 202
270 270
298 312
314 314
323 311
327 309
307 320
362 340
340 364
370 337
374 339
343 396
384 354
359 388
404 355
444 324
297 476
413 365
438 351
418 389
483 358
447 398
442 413
446 455
450 468
424 508
497 461
600 411
592 416
486 483
522 477
540 458
523 490
513 535
539 500
750 418
582 495
579 497
531 538
532 593
621 523
561 598
616 569
680 551
736 518
524 703
541 696
634 628
665 613
699 623
688 639
651 684
644 699
640 733
689 708
712 693
759 711
1757274528 1768137885
1
sift 114
16 29
159 152
21 33
84 118
25 39
38 35
167 157
48 51
296 87
39 58
199 215
254 281
49 56
353 240
51 57
208 233
374 453
54 70
306 311
60 62
292 353
500 451
57 75
395 350
56 81
332 473
587 512
62 73
398 665
73 88
575 438
690 733
63 126
609 507
85 134
582 582
122 110
624 699
102 155
728 734
136 162
731 729
133 180
833 723
151 186
801 801
190 163
715 949
125 228
726 941
185 183
748 957
170 224
778 1066
147 269
908 1094
158 252
1053 953
229 236
1008 1073
231 247
1004 1244
238 257
1243 1045
253 258
1067 1261
245 393
1320 1101
343 330
1241 1274
383 319
1327 1221
317 389
375 331
390 360
333 434
358 574
610 392
438 543
526 502
556 515
538 536
611 483
569 541
583 560
529 659
542 759
669 641
855 572
630 817
793 757
832 755
837 756
867 768
831 880
935 933
1086 790
1081 840
918 1058
1059 916
1131 895
997 990
1136 932
1041 1074
1195 1055
1045 1301
1220 1151
1312 1099
1161 1272
1293 1178
1147 1325
1267 1263
1087 1364
1371 1293
1757274528 1772891979
1
sift 370
148 141
89 97
0 0
159 165
40 41
3 7
199 170
175 148
6 8
208 201
66 70
8 11
332 261
374 364
12 14
500 495
176 200
14 20
676 656
597 415
19 26
690 695
203 199
21 24
782 726
736 433
22 28
670 913
181 229
23 46
710 872
664 502
32 36
687 902
250 254
35 43
1008 1107
818 647
42 44
868 680
635 394
34 52
1266 1243
1080 768
49 54
938 1211
723 650
51 55
1306 1234
915 1018
52 63
1349 1161
696 740
54 62
1207 783
63 61
1034 679
62 67
984 1094
68 64
1118 739
70 74
1274 1139
72 71
965 926
73 77
80 81
1134 1191
83 83
76 88
1182 1293
82 87
85 86
97 84
79 99
95 85
86 96
114 92
88 118
105 100
109 103
111 109
108 120
115 113
128 108
101 129
120 112
113 127
122 119
143 110
130 117
133 115
131 121
125 136
139 132
132 140
119 173
136 144
138 154
144 150
135 163
155 147
124 188
154 158
170 152
172 162
163 181
186 176
183 185
165 234
197 189
200 193
190 203
269 151
271 153
256 174
223 197
318 138
189 249
193 246
220 227
204 247
185 269
222 238
235 233
251 228
238 241
212 255
188 288
219 275
231 273
246 258
305 210
303 235
276 260
260 284
355 219
365 216
229 322
265 293
272 289
314 259
285 286
300 281
320 280
307 291
301 298
333 282
324 294
340 287
360 283
418 276
309 346
376 300
366 321
497 268
357 355
361 353
375 347
367 360
390 338
397 325
435 312
399 341
322 414
407 342
383 370
440 316
401 368
382 391
414 363
427 351
419 376
433 379
394 404
456 348
451 366
438 387
404 459
455 409
472 453
490 446
480 469
469 481
478 475
495 467
529 451
523 461
502 490
543 462
542 483
549 477
550 498
585 470
521 590
540 565
547 562
533 584
572 558
632 514
464 716
528 630
612 551
625 554
685 494
645 539
618 568
526 659
592 589
513 681
642 560
470 808
610 591
677 536
508 738
577 636
579 639
730 528
633 628
662 596
720 555
693 585
656 617
669 620
755 556
694 600
594 781
654 718
700 653
716 658
739 643
668 733
810 608
725 665
688 719
671 758
682 746
652 806
980 537
1170 472
695 750
699 747
839 634
772 670
895 615
754 709
879 633
859 649
958 602
766 730
929 625
733 782
674 886
820 697
836 682
834 687
788 732
718 827
752 779
776 772
856 712
757 807
939 651
797 770
805 766
819 762
970 640
790 799
804 816
792 834
832 809
809 854
798 862
803 861
886 767
887 771
963 696
870 845
765 965
917 846
711 1104
874 893
884 884
928 853
852 929
972 793
865 918
844 948
953 838
827 968
951 844
935 878
830 981
822 1015
967 855
701 1245
847 1030
1010 824
931 988
942 990
924 1019
977 949
919 1036
997 942
858 1148
1019 922
1181 798
981 977
1092 876
1098 938
1099 937
945 1156
855 1314
1151 899
946 1187
1086 973
987 1133
1040 1053
1017 1098
1059 1075
1045 1101
1056 1108
1164 1008
1119 1051
1114 1054
1187 1002
1084 1097
1229 975
1069 1147
1081 1143
1088 1146
1031 1221
971 1355
1276 986
1314 971
1104 1151
1213 1044
1131 1123
1042 1238
1147 1116
1267 1059
1057 1284
1193 1137
1298 1078
1095 1324
1247 1149
1219 1193
1199 1232
1159 1266
1180 1256
1173 1282
1223 1237
1328 1144
1301 1194
1201 1322
1239 1300
1235 1326
1177 1387
1319 1247
1146 1412
1154 1418
1292 1292
1018 1449
1224 1372
1238 1349
1232 1425
1366 1310
1341 1344
1375 1290
1371 1433
1757274528 1894999866
1
sift 546
25 33
255 269
3 6
38 43
164 145
4 4
45 49
356 310
7 8
84 89
199 209
10 11
152 148
374 351
14 18
202 207
208 277
15 16
248 229
413 327
19 28
296 219
332 317
20 27
292 263
492 492
23 24
306 299
519 369
22 29
278 375
500 496
21 30
353 326
575 456
24 31
398 329
584 513
26 34
381 380
570 481
30 39
395 383
684 449
33 36
522 392
710 554
34 37
517 420
664 616
42 44
503 488
706 679
39 48
537 535
616 836
51 51
554 528
782 804
52 55
532 559
783 810
54 58
582 530
938 695
56 62
636 502
736 891
68 61
609 549
818 1063
62 72
578 585
915 799
64 69
621 577
1132 1137
66 71
631 590
984 1018
63 75
624 660
1266 1152
81 73
644 663
73 85
686 634
75 80
722 605
77 78
702 642
78 83
731 621
83 87
728 643
82 88
759 654
87 93
743 722
88 94
801 690
85 96
758 813
98 92
760 829
90 99
825 783
96 102
778 835
126 101
851 766
111 118
748 890
109 122
833 805
122 115
863 815
102 142
916 837
112 136
908 958
119 124
892 988
121 126
1006 884
120 137
1306 704
132 125
1008 936
130 133
1004 954
135 138
1035 941
139 139
1311 823
228 98
1100 950
142 141
1020 1030
125 158
1165 955
133 154
1053 1057
143 150
1166 1026
165 129
1143 1068
169 134
1071 1178
129 175
1090 1156
151 160
1077 1204
150 163
1139 1132
154 161
1067 1232
147 165
1144 1226
145 192
1125 1263
156 179
1243 1143
172 164
1171 1276
170 170
1246 1210
185 159
1299 1176
162 188
1340 1160
163 191
1278 1252
188 162
1327 1243
176 177
1284 1278
182 190
1245 1328
192 181
1336 1288
183 200
1360 1279
186 196
1364 1326
197 197
1386 1335
190 204
189 210
198 208
203 205
191 214
181 225
205 215
220 216
274 185
216 222
239 218
276 203
235 234
242 226
249 223
238 239
230 248
260 228
231 258
232 256
246 240
253 247
263 238
272 241
265 253
262 255
250 278
285 262
244 298
297 260
305 261
351 243
281 296
331 264
287 290
323 271
290 289
293 291
299 286
360 259
319 283
321 285
308 297
294 312
318 294
317 304
301 332
320 308
300 342
326 316
342 309
358 300
333 321
322 331
365 306
354 318
352 322
348 333
341 343
357 335
334 352
361 346
367 341
401 314
383 336
375 349
382 345
376 350
370 354
377 355
369 376
390 363
393 384
427 371
378 396
440 364
419 407
431 399
433 402
415 434
438 397
497 372
447 390
410 465
459 411
458 416
439 450
468 433
461 442
477 437
502 419
523 406
480 440
442 493
505 438
473 480
482 478
463 505
494 471
541 432
520 451
516 467
540 443
521 473
495 500
528 468
538 462
569 445
552 463
547 470
542 475
499 527
533 487
508 540
589 455
556 499
470 595
529 547
559 508
543 541
565 522
548 550
627 476
524 574
557 557
635 498
632 510
467 694
594 544
577 562
623 548
601 556
610 558
561 604
625 566
572 610
602 575
668 531
612 580
598 601
689 533
662 560
692 532
746 529
661 600
567 712
688 581
574 703
876 479
592 714
669 626
826 539
596 729
583 761
654 665
709 611
754 589
700 633
566 871
685 666
738 615
699 664
792 597
660 741
766 624
641 806
773 625
672 733
712 680
663 759
674 763
776 662
767 669
705 749
774 675
716 737
650 878
842 645
823 659
733 742
765 724
795 699
747 754
788 723
790 719
809 705
815 707
752 772
827 715
794 751
820 734
756 798
797 753
694 896
757 802
879 696
866 706
777 803
837 747
913 688
836 750
847 756
735 877
1091 583
785 812
734 883
886 721
878 738
824 809
884 748
789 840
740 901
867 787
770 894
919 755
805 876
839 856
830 870
899 796
852 865
786 927
954 769
870 857
903 824
819 917
883 838
934 808
832 923
1109 677
970 801
967 832
896 910
928 895
917 907
929 899
918 916
945 898
935 913
961 893
963 888
942 926
982 866
997 860
856 1004
947 934
1009 843
874 987
730 1217
1029 845
1066 825
979 911
1011 887
1118 819
986 947
965 972
872 1096
991 960
894 1101
999 967
1059 919
1095 902
1030 945
1131 879
994 990
1136 885
1127 903
995 1015
1141 904
1015 996
1065 964
971 1066
1048 983
959 1122
1252 863
1051 994
1093 973
1036 1022
976 1119
1045 1016
1018 1060
1056 1027
1005 1105
1000 1115
1084 1006
1178 948
1180 952
1087 1012
1164 968
1092 1008
1041 1075
1057 1052
1073 1046
1058 1069
1069 1102
1099 1061
1101 1078
1122 1048
1043 1164
1086 1108
1074 1145
1063 1163
1112 1106
1190 1041
1021 1242
1119 1121
1147 1098
1378 921
1140 1110
1175 1089
1083 1186
1186 1083
1039 1259
1167 1116
1081 1229
1110 1192
1160 1136
1193 1117
1248 1056
1042 1297
1210 1111
1149 1174
1263 1072
1226 1103
1070 1283
1281 1062
1212 1138
1153 1211
1230 1131
1223 1161
1222 1166
1189 1212
1187 1221
1260 1149
1173 1264
1154 1291
1199 1260
1328 1151
1247 1223
1313 1171
1224 1254
1293 1198
1201 1301
1272 1233
1298 1216
1238 1284
1253 1287
1218 1313
1373 1153
1345 1208
1300 1275
1346 1228
1348 1234
1370 1200
1354 1245
1331 1296
1338 1290
1371 1294
1318 1344
1385 1289
1757274528 1897946761
1
sift 456
84 103
28 43
0 0
152 160
199 228
4 5
202 219
254 280
10 11
248 293
208 249
14 18
353 268
325 323
15 17
292 333
332 337
19 26
306 330
374 386
20 27
386 304
278 440
23 23
395 388
413 357
22 29
398 389
356 525
21 32
506 483
500 448
24 31
483 568
584 512
33 33
570 549
493 715
30 35
532 593
575 552
32 44
503 656
614 677
42 38
609 562
782 847
39 45
582 604
1082 1413
48 47
636 579
1008 905
51 48
644 576
52 51
621 601
1026 1009
54 58
578 643
56 60
631 617
1306 840
68 53
759 591
57 77
731 648
1266 1362
64 73
702 717
66 76
728 714
70 78
833 699
62 90
801 751
63 87
778 897
81 71
748 946
73 92
758 956
71 100
760 972
76 88
1020 695
82 96
864 922
80 99
909 920
86 93
916 948
87 94
892 1028
88 101
825 1113
83 112
1046 966
90 108
1053 1041
85 119
1121 994
119 106
1165 1031
101 113
1143 1160
110 114
1166 1144
109 137
1004 1359
122 127
1067 1351
112 143
1077 1342
102 154
1329 1116
132 130
1125 1340
120 148
1243 1246
130 146
1241 1266
114 169
1171 1383
121 155
1364 1195
135 145
1327 1289
139 149
1340 1307
138 153
1302 1385
129 163
1246 1445
165 133
1336 1420
133 164
136 173
143 172
149 167
147 182
178 151
151 189
172 176
204 147
146 206
185 166
145 221
170 191
156 202
192 174
222 161
176 201
186 207
189 205
182 214
188 211
181 229
190 220
198 216
274 180
206 217
184 256
210 225
191 243
162 294
224 231
220 237
216 240
249 209
197 275
260 227
235 253
238 248
242 247
276 215
257 242
214 274
246 250
239 263
231 271
253 267
232 286
271 254
263 277
265 272
305 255
299 262
245 311
262 306
331 251
286 291
272 308
319 269
285 301
297 292
326 282
309 295
303 313
351 283
293 322
301 331
324 327
300 367
317 340
365 314
321 350
418 297
318 383
362 346
294 416
322 390
369 344
352 370
349 377
357 379
383 352
341 397
333 409
375 378
334 413
385 375
367 396
360 408
390 392
415 387
397 399
370 418
407 402
366 430
427 395
458 373
553 328
491 356
530 345
393 438
416 427
433 422
419 436
432 444
438 443
508 403
459 487
480 470
439 548
521 458
505 481
523 467
581 426
464 529
473 522
482 509
494 502
499 495
478 530
495 520
468 560
547 476
565 479
538 518
610 459
461 626
540 540
653 453
542 547
529 612
526 627
569 569
541 613
462 726
557 611
625 551
623 554
524 669
650 542
592 595
593 594
806 462
601 606
629 590
661 565
602 624
548 694
598 636
662 598
633 641
627 652
608 663
612 683
654 655
574 781
668 664
568 831
663 681
823 566
669 693
685 674
701 661
660 731
510 1034
596 841
766 631
705 690
709 697
716 708
792 645
733 696
876 621
699 766
678 807
645 890
765 686
694 783
794 668
682 812
757 713
712 778
820 675
672 853
815 701
735 779
809 723
689 879
752 791
767 771
790 744
700 869
777 772
577 1114
773 786
932 660
749 815
796 774
774 809
747 862
919 719
954 705
770 883
913 738
788 860
785 871
872 788
827 844
756 947
797 921
852 858
961 756
824 919
830 909
837 912
805 949
1048 691
982 773
846 936
855 932
692 1136
979 802
947 870
945 887
836 1022
917 955
899 967
879 997
884 989
929 957
1010 843
912 1000
985 901
856 1059
992 915
903 1019
786 1161
1012 911
935 1035
997 969
1052 929
995 991
1018 960
1009 979
1136 868
866 1191
1131 875
959 1063
942 1105
874 1196
1141 895
1226 848
1095 971
965 1107
1030 1027
835 1355
1059 1025
986 1112
1074 1051
1045 1078
924 1290
999 1149
1174 996
1149 1011
1063 1089
1240 968
1190 1023
1087 1100
987 1252
1093 1108
1248 1005
1057 1166
971 1334
1112 1125
976 1316
1264 1021
1153 1094
1118 1132
1098 1176
928 1442
1267 1038
1084 1214
1281 1061
994 1386
1238 1082
1197 1133
1086 1243
1151 1194
1042 1332
1239 1119
1237 1135
1123 1244
1195 1204
1119 1277
1105 1298
1350 1079
1201 1231
1276 1152
1110 1328
1223 1218
1049 1405
1260 1209
1147 1302
1204 1261
1328 1159
1324 1213
1212 1310
1199 1352
1154 1397
1293 1262
1230 1314
1346 1241
1254 1338
1222 1410
1351 1287
1345 1306
1292 1378
1353 1400
1371 1398
1385 1345
1368 1431
1768137885 1894999866
1
sift 158
118 89
0 0
39 33
215 209
33 30
99 95
35 43
188 123
233 277
42 45
204 174
58 48
274 250
282 269
46 61
362 219
51 52
240 326
409 370
47 66
353 263
70 58
375 265
473 317
81 62
311 299
102 57
323 320
394 388
88 85
350 383
126 75
364 404
453 351
107 99
420 367
128 113
472 485
451 496
114 162
507 549
146 156
557 516
155 142
582 530
180 154
596 551
203 135
673 488
183 159
615 578
163 204
710 537
186 160
647 608
228 158
690 628
224 170
893 538
285 152
729 621
220 197
699 660
269 165
734 643
222 234
835 590
253 214
725 682
257 239
714 709
247 258
800 689
258 247
723 805
278 261
843 670
286 283
767 776
264 391
798 829
336 294
776 906
319 336
724 979
331 349
749 950
389 304
900 837
360 363
987 765
500 312
957 890
573 301
1066 835
393 524
1329 777
603 376
1073 936
543 397
953 1057
464 468
1093 957
586 405
1181 955
541 445
1244 954
515 499
1120 1051
530 548
1045 1143
659 547
1191 1251
759 475
1221 1243
637 581
1261 1232
627 619
641 626
671 602
560 761
738 582
757 598
779 656
819 680
858 650
756 747
768 787
862 758
917 715
755 923
880 869
1087 666
952 843
932 885
916 919
778 1055
933 913
790 1108
1056 886
1058 916
829 1223
1263 790
840 1229
1152 1019
1301 1016
1231 1122
1178 1198
1107 1293
1358 1007
1325 1098
1364 1012
1307 1182
1332 1186
1359 1119
1279 1297
1293 1294
1306 1285
1768137885 1897946761
1
sift 185
936 1172
11 13
0 0
87 82
29 22
28 18
99 104
23 26
118 103
215 228
33 32
238 259
42 39
240 268
233 249
46 53
274 265
51 47
323 312
293 382
58 45
311 330
47 66
375 289
409 358
57 48
353 333
69 56
350 388
473 337
70 58
470 400
81 60
472 499
453 386
72 79
542 450
75 77
507 562
451 448
102 65
604 440
88 92
557 541
438 552
126 87
492 642
107 108
582 604
506 840
128 116
721 500
146 111
615 600
1073 905
141 127
710 585
155 154
596 755
1198 945
148 186
729 648
162 173
648 768
1167 1376
180 164
690 735
183 166
835 617
163 220
723 699
186 189
893 592
193 187
734 714
224 191
722 741
223 192
714 792
269 182
843 704
222 253
808 742
277 218
800 750
220 275
725 882
253 243
776 820
257 248
767 961
234 266
724 1017
247 271
798 972
258 267
844 922
291 226
928 826
278 255
987 817
236 307
957 946
286 269
947 1020
285 278
953 1041
292 303
1093 920
313 318
1120 1097
326 313
1045 1246
385 295
1274 1266
319 352
1221 1289
310 369
1244 1359
393 311
1261 1351
322 379
331 378
336 383
355 365
389 340
360 392
603 344
432 444
480 421
500 416
466 460
543 443
519 494
536 518
530 554
560 553
541 569
502 627
554 641
545 672
637 602
659 612
629 661
759 547
671 637
627 716
641 693
757 644
858 634
819 778
756 912
877 824
862 856
796 959
768 1002
895 875
917 844
880 910
932 868
951 978
916 1025
790 1243
933 1035
967 1033
1056 1043
1227 1003
1061 1171
1055 1204
1358 953
1231 1063
1263 1038
1145 1135
1301 1078
1186 1201
1178 1262
1092 1393
1152 1327
1107 1430
1364 1100
1279 1332
1325 1302
1293 1398
1313 1401
1359 1316
1768137885 2055436659
1
sift 91
65 60
1176 729
12 16
408 345
25 20
90 95
23 30
433 392
42 32
212 162
75 29
613 361
54 51
327 200
57 66
677 461
51 78
333 277
73 56
774 678
59 70
334 282
88 81
91 79
347 290
102 106
112 125
366 289
163 114
155 137
417 287
166 128
177 130
444 318
162 155
203 161
656 375
196 181
180 197
657 486
181 194
263 175
621 577
183 239
253 201
777 498
254 223
272 218
799 603
310 234
381 205
887 576
313 242
355 235
702 720
393 307
385 445
910 623
415 394
497 370
1134 734
458 401
432 437
1088 785
543 408
514 502
1060 822
588 459
641 496
1148 781
500 651
594 558
1222 811
508 728
1237 376
1193 886
756 621
915 545
1251 885
854 657
787 731
840 803
946 715
954 801
1065 821
1087 838
1124 847
1356 774
1156 904
1273 857
1344 891
1772891979 1894999866
1
sift 258
141 174
70 71
0 0
1107 936
170 209
7 6
261 317
169 141
14 13
326 310
19 16
364 351
200 177
20 18
265 635
26 28
495 496
190 198
24 30
872 554
46 24
726 804
199 205
52 37
650 867
44 44
764 836
229 225
54 40
865 820
60 46
866 858
394 498
55 51
1094 873
59 52
1243 1152
786 400
57 54
53 65
502 616
63 55
62 58
679 701
64 61
61 75
739 819
67 72
78 63
1018 799
75 66
68 74
926 972
77 85
83 87
1231 1164
89 78
87 88
86 96
113 97
101 107
103 122
109 118
119 104
100 144
112 137
117 133
140 125
115 154
132 139
173 124
163 138
154 146
136 158
159 150
158 161
162 164
152 170
234 149
175 195
184 201
214 175
189 197
171 218
211 180
213 179
203 204
245 176
269 159
143 274
249 210
233 234
210 261
242 235
241 239
258 240
216 306
273 258
289 241
283 259
252 286
312 232
286 262
292 252
371 226
280 308
282 321
268 372
298 332
300 350
324 339
368 314
316 364
355 335
328 356
347 349
352 347
360 341
370 336
338 363
342 361
325 373
351 371
414 331
376 407
379 402
387 397
513 334
395 450
449 390
461 406
490 419
469 440
457 490
483 475
467 500
473 512
466 524
451 547
479 514
462 541
565 443
514 510
522 527
511 545
590 473
584 487
663 437
570 523
630 468
554 566
492 629
551 580
591 558
596 560
494 666
599 563
558 610
540 640
536 653
636 562
605 582
569 649
706 525
733 531
738 540
801 507
643 614
589 714
709 589
653 633
840 556
632 697
730 624
808 595
678 685
834 597
658 737
747 664
640 801
772 662
682 750
697 734
664 784
732 723
767 721
824 692
799 719
782 742
770 753
778 773
854 705
807 802
884 748
975 672
766 876
886 763
968 715
965 724
855 832
762 917
794 896
777 909
932 795
809 923
853 895
712 1004
846 907
1030 756
681 1109
878 913
942 860
905 904
981 870
893 987
876 1008
959 945
793 1147
921 1007
1123 879
1074 920
1156 898
937 1061
1275 871
1059 986
1097 1006
1324 902
1101 1016
1070 1064
1146 1013
1051 1121
1152 1045
1002 1221
1116 1098
1215 1031
1147 1102
1137 1117
1144 1151
1284 1052
1303 1073
1149 1223
1237 1161
1207 1193
1355 1066
1287 1129
1232 1260
1383 1134
1187 1314
1238 1297
1282 1264
1370 1183
1372 1254
1349 1284
1449 1060
1340 1320
1418 1291
1433 1294
1408 1334
1772891979 1897946761
1
sift 201
170 228
200 201
19 17
201 249
20 18
261 337
196 210
29 21
364 386
26 26
495 448
229 229
24 32
482 552
46 23
534 724
394 349
52 36
726 847
36 44
941 902
679 620
57 42
1107 905
60 40
841 1376
739 1132
55 48
1037 1308
59 47
1243 1362
926 1107
53 61
64 53
62 58
61 87
75 66
72 75
78 68
67 90
74 78
68 95
77 92
88 88
81 99
87 96
96 93
86 119
113 109
103 137
173 106
119 127
112 148
117 146
140 130
115 164
132 149
163 145
154 153
159 172
158 179
162 176
152 191
151 198
247 147
214 163
175 208
238 161
211 184
153 254
269 166
203 220
245 193
189 275
210 255
233 253
241 248
258 250
252 262
216 314
312 258
276 297
292 273
286 301
371 247
289 308
282 409
352 346
370 352
347 378
356 374
338 392
355 379
342 402
351 395
360 396
321 430
340 420
414 390
324 493
376 436
387 443
536 391
461 467
469 470
467 520
579 435
475 530
483 547
451 612
617 455
573 513
554 551
565 540
494 674
589 595
596 598
551 683
540 709
642 614
628 641
659 627
620 693
730 631
658 708
697 675
840 606
733 664
834 645
782 696
664 842
653 869
747 766
807 713
625 957
741 796
799 744
746 812
854 723
778 790
693 874
732 860
965 686
975 692
824 843
770 921
777 933
636 1114
682 1022
766 949
712 1059
911 877
846 955
905 895
968 844
884 989
921 953
981 909
942 969
878 1035
974 974
939 1013
1049 930
1216 808
1123 875
959 1027
793 1240
1156 887
899 1194
1074 1026
938 1176
986 1152
1194 1004
1101 1078
1324 971
1096 1131
1146 1101
1215 1067
1097 1214
1019 1290
1144 1159
1051 1277
1133 1252
1300 1119
1349 1082
1116 1302
1207 1223
1284 1166
1213 1234
1237 1218
1322 1231
1176 1370
1238 1332
1232 1352
1292 1378
1287 1395
1355 1334
1341 1425
1418 1397
1433 1398
1408 1439
1838167405 1893867912
1
sift 333
128 124
11 15
1 1
59 52
18 19
3 3
184 166
28 27
5 8
104 88
65 47
8 9
246 186
72 64
9 10
377 254
73 68
17 18
373 357
84 80
19 21
341 343
112 109
25 23
372 435
135 126
26 31
411 432
134 129
35 29
363 521
158 133
36 32
394 583
159 125
37 33
462 469
174 157
43 38
469 481
187 193
45 42
493 482
199 187
41 45
495 498
206 213
42 46
546 517
240 224
57 39
457 582
231 238
46 43
563 611
323 303
50 50
591 525
322 301
52 51
617 606
337 347
64 44
628 537
330 334
56 49
659 667
378 341
54 57
663 595
390 361
58 58
786 758
340 419
55 60
705 728
389 371
74 55
397 381
71 62
414 373
70 63
409 379
76 67
379 422
79 69
458 359
82 72
398 440
92 66
523 407
81 75
527 420
87 76
491 437
99 71
569 405
96 89
474 472
101 87
497 510
107 83
706 700
115 91
442 622
114 97
755 710
119 95
541 530
117 99
770 717
105 118
545 557
122 115
133 104
590 589
127 117
123 119
679 741
131 114
132 112
775 727
130 120
172 101
136 130
138 131
153 113
151 123
156 127
146 136
141 142
161 132
163 137
162 143
155 149
166 145
177 140
168 153
170 150
167 162
180 154
179 171
178 176
185 169
189 160
194 158
186 170
190 168
217 141
205 152
192 175
197 174
196 180
193 185
209 165
204 183
222 173
219 178
212 190
215 196
188 228
214 199
208 204
169 253
203 218
234 184
223 201
218 216
228 205
225 209
237 203
252 198
229 215
245 206
226 231
243 223
247 229
233 240
230 243
259 221
254 232
253 239
250 249
289 208
249 270
248 273
265 255
270 250
255 269
275 251
282 260
276 278
280 283
288 288
315 264
306 277
332 271
353 256
302 298
350 274
324 290
319 292
316 304
321 311
328 309
336 322
339 318
410 276
298 376
358 314
347 321
349 320
348 325
335 364
346 338
345 354
362 340
447 295
385 337
408 323
375 351
356 383
383 358
369 370
352 396
415 335
405 355
380 385
318 447
404 366
444 327
402 378
393 395
406 388
403 397
371 426
419 403
418 417
524 331
436 413
500 372
417 450
452 418
428 446
450 421
465 411
399 496
426 460
518 416
463 443
471 455
476 467
488 461
557 423
480 477
519 464
525 458
517 471
506 484
485 499
516 478
494 505
484 511
548 466
549 474
536 500
505 526
510 523
542 509
508 552
528 534
552 512
580 497
554 518
556 538
561 535
547 545
627 483
559 571
521 628
656 495
634 508
670 488
583 568
572 593
606 555
565 612
593 576
577 598
612 567
558 633
594 599
595 604
539 679
608 586
641 562
609 590
585 626
571 645
624 591
615 607
544 696
623 597
658 574
671 594
592 699
687 608
660 639
676 630
650 678
640 707
704 655
708 668
684 683
681 688
723 669
718 677
661 733
688 706
762 657
739 693
724 703
710 721
767 685
741 712
779 664
729 723
747 713
752 711
773 724
728 762
756 745
766 766
1838167405 2055436659
1
sift 123
11 8
4 6
134 147
18 23
17 16
135 180
35 30
159 127
75 97
37 32
158 164
36 35
187 276
101 126
40 42
206 280
46 45
231 246
234 211
45 56
240 244
54 48
323 322
203 281
50 52
458 319
52 83
330 512
715 732
58 81
409 412
71 80
397 447
92 65
586 446
70 84
389 455
79 77
474 542
107 78
390 601
125 88
665 800
105 118
379 652
114 129
697 764
117 134
648 555
146 125
707 813
127 154
545 952
130 148
133 145
679 879
180 143
153 161
775 918
170 163
163 196
196 171
205 172
204 177
219 176
168 221
223 186
235 194
228 207
253 195
193 252
237 205
226 224
218 284
309 193
265 257
255 283
282 241
317 227
306 239
276 306
304 258
284 308
447 293
362 354
321 449
383 380
350 410
369 395
375 401
356 462
287 605
418 408
404 431
406 463
417 459
556 364
380 552
475 475
465 510
511 496
548 488
519 507
471 544
472 579
490 587
508 596
521 615
547 610
544 636
577 641
565 686
702 571
572 759
528 847
593 731
592 767
594 782
700 667
762 631
687 702
656 824
662 877
1863203546 1955067201
1
sift 107
13 6
36 15
10 2
154 82
116 62
12 7
262 175
407 282
30 14
490 202
447 256
44 18
501 247
65 22
57 26
62 31
69 30
74 28
70 38
71 35
90 42
79 54
82 52
92 53
103 47
112 64
131 76
139 85
185 70
169 86
160 98
170 96
191 91
189 105
183 119
205 103
212 99
202 111
209 132
192 143
233 133
234 134
235 144
264 124
247 138
237 148
249 147
265 151
241 182
260 160
231 196
278 166
332 149
266 179
298 167
313 165
301 191
326 187
251 266
354 171
284 214
351 183
292 210
312 209
309 212
300 227
344 199
395 176
358 205
329 235
378 215
350 249
384 222
362 237
360 246
352 269
419 221
497 192
375 280
444 226
461 225
427 244
396 286
413 277
434 253
426 263
420 285
449 278
403 336
422 306
442 299
471 281
453 293
507 275
423 349
467 314
468 319
475 332
526 287
495 322
485 340
480 352
448 362
473 359
506 357
538 303
535 351
1893867912 2055436659
1
sift 148
19 23
3 3
26 49
87 123
18 16
125 127
24 29
129 147
131 182
29 30
133 164
32 35
126 180
184 211
43 45
177 222
42 56
193 276
218 281
50 52
224 244
57 48
213 280
350 361
51 83
238 246
58 81
303 322
408 433
62 80
419 334
63 84
379 412
390 461
69 77
371 455
79 70
381 447
527 588
97 129
334 512
98 135
420 457
475 678
118 118
437 470
104 145
361 601
516 633
136 125
428 562
120 148
472 542
621 695
117 154
422 652
113 161
584 754
674 732
154 143
557 952
148 159
694 806
624 854
150 163
686 835
152 172
701 813
658 866
137 196
741 879
180 171
727 918
661 882
178 176
183 177
153 221
201 186
203 205
205 207
239 195
185 252
231 224
191 304
216 284
249 255
257 240
260 241
255 257
240 294
277 239
271 265
318 231
269 283
278 306
295 293
272 333
354 248
275 336
340 354
311 449
358 380
376 371
351 401
369 394
349 438
366 431
416 404
389 437
417 408
383 462
388 463
427 425
418 456
538 364
423 492
411 510
450 459
466 488
499 482
501 507
455 544
447 583
365 787
324 907
487 569
485 613
551 571
552 596
545 610
598 641
495 824
612 686
657 631
576 731
608 702
630 693
609 715
534 847
568 794
599 782
699 767
666 864
704 842
718 857
738 850
724 892
723 904
1894999866 1897946761
1
sift 617
12 13
19 22
0 0
86 97
59 85
4 5
89 103
56 57
9 10
95 104
209 228
11 11
219 82
277 249
14 16
117 121
269 279
16 17
127 165
317 337
18 18
148 160
369 359
24 23
157 194
351 386
22 25
193 213
375 440
26 24
207 219
415 534
28 26
236 195
496 448
23 30
250 265
456 552
27 27
229 293
513 512
29 29
244 304
481 549
31 31
265 289
491 715
30 32
272 316
457 814
36 33
326 268
679 623
38 34
263 333
638 583
44 38
299 330
704 840
46 40
320 312
804 847
48 45
303 332
817 754
53 41
329 389
858 945
52 47
383 388
936 905
51 48
429 354
859 1129
47 67
380 429
1080 1110
55 51
404 471
1139 1092
61 53
420 451
998 1257
57 65
485 499
1063 1219
58 58
516 541
1152 1362
62 60
528 545
63 68
502 579
65 61
549 562
66 66
536 584
69 73
530 604
73 71
538 592
71 76
488 656
79 78
559 593
72 90
577 601
75 87
590 617
77 91
585 643
78 89
663 576
83 81
654 591
74 95
621 648
84 83
634 687
85 92
606 734
88 96
643 714
90 93
641 718
93 94
609 768
91 99
628 735
87 112
670 704
94 101
689 750
97 100
576 964
99 108
782 684
109 105
599 938
96 119
660 828
124 106
805 699
113 116
709 792
119 117
780 755
110 126
682 882
115 127
686 907
118 124
766 811
121 129
764 816
112 151
794 850
122 137
776 961
125 130
835 897
129 133
905 819
136 143
1030 695
133 146
1123 653
138 145
816 922
137 148
760 990
126 155
813 956
139 149
956 793
142 154
837 948
147 152
829 972
146 153
847 975
194 118
890 946
150 172
957 920
154 164
783 1113
159 166
955 1031
144 192
979 1017
163 168
788 1297
161 179
1010 999
164 176
988 1028
175 163
950 1130
160 189
1057 1041
165 182
1038 1099
181 174
1051 1097
178 177
1044 1116
185 180
1026 1144
170 191
918 1344
180 184
1068 1160
176 193
1091 1147
162 211
954 1359
177 201
1154 1211
184 198
1181 1199
179 202
1143 1246
187 203
1201 1202
230 178
1035 1365
190 214
1261 1170
192 221
1160 1307
195 208
1326 1195
254 170
1243 1289
203 215
1204 1342
210 205
1232 1351
204 220
1250 1348
208 216
1263 1340
202 231
1317 1265
198 239
1276 1383
223 209
1210 1445
191 260
1277 1421
213 230
1288 1420
200 257
235 204
212 235
220 226
237 212
216 237
228 227
225 229
214 243
221 241
197 275
188 294
226 247
218 263
234 253
232 258
239 248
240 250
273 225
247 267
264 251
261 255
238 277
258 271
252 273
243 283
256 286
260 292
241 308
286 262
283 269
262 301
255 306
280 298
290 290
316 282
314 284
287 328
306 314
285 350
313 318
298 334
304 340
332 331
294 383
307 374
327 357
336 352
322 370
347 346
342 367
335 379
376 344
331 390
349 378
379 353
321 409
378 363
341 396
343 397
333 404
311 431
363 392
361 402
371 395
373 399
421 341
352 413
353 417
381 400
426 361
323 473
416 373
487 335
477 345
498 349
339 493
384 438
474 393
407 436
397 443
405 466
540 403
408 491
411 487
423 484
440 470
438 481
473 458
470 476
653 391
471 502
462 518
529 457
443 540
433 560
494 489
478 509
450 548
522 479
480 522
445 569
558 459
561 461
527 495
482 535
475 547
432 613
520 516
543 506
472 571
510 539
442 626
511 550
410 677
512 558
616 469
479 621
548 554
546 575
476 652
566 551
586 532
547 612
556 606
557 611
560 598
600 565
581 602
591 599
504 726
459 810
575 624
544 673
550 694
659 566
568 657
601 636
541 739
597 645
574 669
624 631
579 682
650 634
714 595
701 620
611 697
533 879
626 693
665 655
878 542
619 716
631 711
640 709
666 674
672 692
700 676
620 803
677 728
734 675
724 686
707 701
751 668
688 738
664 766
705 723
668 770
742 696
749 690
759 681
736 707
680 778
719 744
740 730
769 705
755 719
633 869
675 809
703 781
802 713
692 843
786 737
629 954
743 804
712 830
562 1114
772 791
715 844
735 824
803 772
729 841
723 860
733 853
757 855
754 862
793 823
784 842
866 773
791 838
877 779
893 756
747 912
851 797
753 921
696 997
896 783
983 691
812 871
775 935
911 802
809 919
748 989
865 858
825 917
798 947
683 1077
885 868
879 875
796 967
852 900
903 852
900 861
894 883
869 910
898 887
834 959
728 1060
904 895
856 950
876 949
934 870
864 965
843 979
860 969
999 806
725 1119
909 933
899 957
824 1019
907 955
828 1032
706 1191
811 1050
902 971
923 968
1096 788
931 970
980 899
1115 799
949 963
886 1043
993 929
819 1132
919 1025
913 1035
840 1134
1007 953
945 1027
881 1128
937 1047
875 1135
892 1122
1126 903
1060 960
1014 992
970 1049
926 1105
928 1106
1180 898
927 1161
947 1112
1056 1005
1041 1023
1003 1058
972 1107
985 1084
973 1108
1023 1055
966 1148
1031 1067
1016 1078
1046 1069
996 1126
1092 1044
1012 1100
1062 1061
968 1205
1002 1138
1174 1011
984 1200
987 1196
1122 1063
944 1279
922 1337
1145 1051
1100 1080
965 1273
1006 1214
1052 1166
939 1356
1106 1125
895 1442
1146 1103
1162 1090
1094 1193
1211 1094
1150 1158
1081 1245
975 1394
1104 1237
1019 1327
1185 1157
1203 1140
990 1386
1148 1210
1134 1224
1108 1243
1284 1082
1087 1270
1161 1218
1315 1073
1262 1123
1128 1250
1147 1240
1135 1254
1066 1334
1079 1325
1121 1277
1098 1302
1193 1223
1247 1173
1189 1236
1274 1184
1131 1314
1138 1310
1198 1262
1228 1241
1312 1179
1179 1304
1316 1189
1073 1429
1192 1328
1129 1395
1208 1306
1343 1115
1199 1377
1265 1315
1166 1410
1260 1352
1195 1409
1256 1372
1289 1345
1297 1332
1303 1354
1291 1397
1225 1447
1294 1398
1313 1393
1302 1408
1293 1430
1338 1379
1320 1426
1339 1392
1334 1439
