4006058 26080133 56196414 113520855 218971413 252164762 263469142 263598239 395914196 503898829 550651474 587410873 590445685 672191495 704993788 710202055 741873699 865425758 949647164 1004938545 1009773410 1034156287 1048071823 1140932673 1199642573 1292321729 1302487967 1336079149 1375514710 1386020826 1386952078 1403141592 1437920077 1442672628 1486227816 1488872754 1513348680 1547453566 1597138438 1676500074 1704613598 1757274528 1768137885 1772891979 1838167405 1863203546 1893867912 1894999866 1897946761 1955067201 2055436659
26080133 56196414 113520855 218971413 252164762 263469142 263598239 395914196 503898829 550651474 587410873 590445685 672191495 704993788 710202055 741873699 865425758 949647164 1004938545 1009773410 1034156287 1048071823 1140932673 1199642573 1292321729 1302487967 1336079149 1375514710 1386020826 1386952078 1403141592 1437920077 1442672628 1486227816 1488872754 1513348680 1547453566 1597138438 1676500074 1704613598 1757274528 1768137885 1772891979 1838167405 1863203546 1893867912 1894999866 1897946761 1955067201 2055436659
56196414 113520855 218971413 252164762 263469142 263598239 395914196 503898829 550651474 587410873 590445685 672191495 704993788 710202055 741873699 865425758 949647164 1004938545 1009773410 1034156287 1048071823 1140932673 1199642573 1292321729 1302487967 1336079149 1375514710 1386020826 1386952078 1403141592 1437920077 1442672628 1486227816 1488872754 1513348680 1547453566 1597138438 1676500074 1704613598 1757274528 1768137885 1772891979 1838167405 1863203546 1893867912 1894999866 1897946761 1955067201 2055436659
113520855 218971413 252164762 263469142 263598239 395914196 503898829 550651474 587410873 590445685 672191495 704993788 710202055 741873699 865425758 949647164 1004938545 1009773410 1034156287 1048071823 1140932673 1199642573 1292321729 1302487967 1336079149 1375514710 1386020826 1386952078 1403141592 1437920077 1442672628 1486227816 1488872754 1513348680 1547453566 1597138438 1676500074 1704613598 1757274528 1768137885 1772891979 1838167405 1863203546 1893867912 1894999866 1897946761 1955067201 2055436659
218971413 252164762 263469142 263598239 395914196 503898829 550651474 587410873 590445685 672191495 704993788 710202055 741873699 865425758 949647164 1004938545 1009773410 1034156287 1048071823 1140932673 1199642573 1292321729 1302487967 1336079149 1375514710 1386020826 1386952078 1403141592 1437920077 1442672628 1486227816 1488872754 1513348680 1547453566 1597138438 1676500074 1704613598 1757274528 1768137885 1772891979 1838167405 1863203546 1893867912 1894999866 1897946761 1955067201 2055436659
252164762 263469142 263598239 395914196 503898829 550651474 587410873 590445685 672191495 704993788 710202055 741873699 865425758 949647164 1004938545 1009773410 1034156287 1048071823 1140932673 1199642573 1292321729 1302487967 1336079149 1375514710 1386020826 1386952078 1403141592 1437920077 1442672628 1486227816 1488872754 1513348680 1547453566 1597138438 1676500074 1704613598 1757274528 1768137885 1772891979 1838167405 1863203546 1893867912 1894999866 1897946761 1955067201 2055436659
263469142 263598239 395914196 503898829 550651474 587410873 590445685 672191495 704993788 710202055 741873699 865425758 949647164 1004938545 1009773410 1034156287 1048071823 1140932673 1199642573 1292321729 1302487967 1336079149 1375514710 1386020826 1386952078 1403141592 1437920077 1442672628 1486227816 1488872754 1513348680 1547453566 1597138438 1676500074 1704613598 1757274528 1768137885 1772891979 1838167405 1863203546 1893867912 1894999866 1897946761 1955067201 2055436659
263598239 395914196 503898829 550651474 587410873 590445685 672191495 704993788 710202055 741873699 865425758 949647164 1004938545 1009773410 1034156287 1048071823 1140932673 1199642573 1292321729 1302487967 1336079149 1375514710 1386020826 1386952078 1403141592 1437920077 1442672628 1486227816 1488872754 1513348680 1547453566 1597138438 1676500074 1704613598 1757274528 1768137885 1772891979 1838167405 1863203546 1893867912 1894999866 1897946761 1955067201 2055436659
395914196 503898829 550651474 587410873 590445685 672191495 704993788 710202055 741873699 865425758 949647164 1004938545 1009773410 1034156287 1048071823 1140932673 1199642573 1292321729 1302487967 1336079149 1375514710 1386020826 1386952078 1403141592 1437920077 1442672628 1486227816 1488872754 1513348680 1547453566 1597138438 1676500074 1704613598 1757274528 1768137885 1772891979 1838167405 1863203546 1893867912 1894999866 1897946761 1955067201 2055436659
503898829 550651474 587410873 590445685 672191495 704993788 710202055 741873699 865425758 949647164 1004938545 1009773410 1034156287 1048071823 1140932673 1199642573 1292321729 1302487967 1336079149 1375514710 1386020826 1386952078 1403141592 1437920077 1442672628 1486227816 1488872754 1513348680 1547453566 1597138438 1676500074 1704613598 1757274528 1768137885 1772891979 1838167405 1863203546 1893867912 1894999866 1897946761 1955067201 2055436659
550651474 587410873 590445685 672191495 704993788 710202055 741873699 865425758 949647164 1004938545 1009773410 1034156287 1048071823 1140932673 1199642573 1292321729 1302487967 1336079149 1375514710 1386020826 1386952078 1403141592 1437920077 1442672628 1486227816 1488872754 1513348680 1547453566 1597138438 1676500074 1704613598 1757274528 1768137885 1772891979 1838167405 1863203546 1893867912 1894999866 1897946761 1955067201 2055436659
587410873 590445685 672191495 704993788 710202055 741873699 865425758 949647164 1004938545 1009773410 1034156287 1048071823 1140932673 1199642573 1292321729 1302487967 1336079149 1375514710 1386020826 1386952078 1403141592 1437920077 1442672628 1486227816 1488872754 1513348680 1547453566 1597138438 1676500074 1704613598 1757274528 1768137885 1772891979 1838167405 1863203546 1893867912 1894999866 1897946761 1955067201 2055436659
590445685 672191495 704993788 710202055 741873699 865425758 949647164 1004938545 1009773410 1034156287 1048071823 1140932673 1199642573 1292321729 1302487967 1336079149 1375514710 1386020826 1386952078 1403141592 1437920077 1442672628 1486227816 1488872754 1513348680 1547453566 1597138438 1676500074 1704613598 1757274528 1768137885 1772891979 1838167405 1863203546 1893867912 1894999866 1897946761 1955067201 2055436659
672191495 704993788 710202055 741873699 865425758 949647164 1004938545 1009773410 1034156287 1048071823 1140932673 1199642573 1292321729 1302487967 1336079149 1375514710 1386020826 1386952078 1403141592 1437920077 1442672628 1486227816 1488872754 1513348680 1547453566 1597138438 1676500074 1704613598 1757274528 1768137885 1772891979 1838167405 1863203546 1893867912 1894999866 1897946761 1955067201 2055436659
704993788 710202055 741873699 865425758 949647164 1004938545 1009773410 1034156287 1048071823 1140932673 1199642573 1292321729 1302487967 1336079149 1375514710 1386020826 1386952078 1403141592 1437920077 1442672628 1486227816 1488872754 1513348680 1547453566 1597138438 1676500074 1704613598 1757274528 1768137885 1772891979 1838167405 1863203546 1893867912 1894999866 1897946761 1955067201 2055436659
710202055 741873699 865425758 949647164 1004938545 1009773410 1034156287 1048071823 1140932673 1199642573 1292321729 1302487967 1336079149 1375514710 1386020826 1386952078 1403141592 1437920077 1442672628 1486227816 1488872754 1513348680 1547453566 1597138438 1676500074 1704613598 1757274528 1768137885 1772891979 1838167405 1863203546 1893867912 1894999866 1897946761 1955067201 2055436659
741873699 865425758 949647164 1004938545 1009773410 1034156287 1048071823 1140932673 1199642573 1292321729 1302487967 1336079149 1375514710 1386020826 1386952078 1403141592 1437920077 1442672628 1486227816 1488872754 1513348680 1547453566 1597138438 1676500074 1704613598 1757274528 1768137885 1772891979 1838167405 1863203546 1893867912 1894999866 1897946761 1955067201 2055436659
865425758 949647164 1004938545 1009773410 1034156287 1048071823 1140932673 1199642573 1292321729 1302487967 1336079149 1375514710 1386020826 1386952078 1403141592 1437920077 1442672628 1486227816 1488872754 1513348680 1547453566 1597138438 1676500074 1704613598 1757274528 1768137885 1772891979 1838167405 1863203546 1893867912 1894999866 1897946761 1955067201 2055436659
949647164 1004938545 1009773410 1034156287 1048071823 1140932673 1199642573 1292321729 1302487967 1336079149 1375514710 1386020826 1386952078 1403141592 1437920077 1442672628 1486227816 1488872754 1513348680 1547453566 1597138438 1676500074 1704613598 1757274528 1768137885 1772891979 1838167405 1863203546 1893867912 1894999866 1897946761 1955067201 2055436659
1004938545 1009773410 1034156287 1048071823 1140932673 1199642573 1292321729 1302487967 1336079149 1375514710 1386020826 1386952078 1403141592 1437920077 1442672628 1486227816 1488872754 1513348680 1547453566 1597138438 1676500074 1704613598 1757274528 1768137885 1772891979 1838167405 1863203546 1893867912 1894999866 1897946761 1955067201 2055436659
1009773410 1034156287 1048071823 1140932673 1199642573 1292321729 1302487967 1336079149 1375514710 1386020826 1386952078 1403141592 1437920077 1442672628 1486227816 1488872754 1513348680 1547453566 1597138438 1676500074 1704613598 1757274528 1768137885 1772891979 1838167405 1863203546 1893867912 1894999866 1897946761 1955067201 2055436659
1034156287 1048071823 1140932673 1199642573 1292321729 1302487967 1336079149 1375514710 1386020826 1386952078 1403141592 1437920077 1442672628 1486227816 1488872754 1513348680 1547453566 1597138438 1676500074 1704613598 1757274528 1768137885 1772891979 1838167405 1863203546 1893867912 1894999866 1897946761 1955067201 2055436659
1048071823 1140932673 1199642573 1292321729 1302487967 1336079149 1375514710 1386020826 1386952078 1403141592 1437920077 1442672628 1486227816 1488872754 1513348680 1547453566 1597138438 1676500074 1704613598 1757274528 1768137885 1772891979 1838167405 1863203546 1893867912 1894999866 1897946761 1955067201 2055436659
1140932673 1199642573 1292321729 1302487967 1336079149 1375514710 1386020826 1386952078 1403141592 1437920077 1442672628 1486227816 1488872754 1513348680 1547453566 1597138438 1676500074 1704613598 1757274528 1768137885 1772891979 1838167405 1863203546 1893867912 1894999866 1897946761 1955067201 2055436659
1199642573 1292321729 1302487967 1336079149 1375514710 1386020826 1386952078 1403141592 1437920077 1442672628 1486227816 1488872754 1513348680 1547453566 1597138438 1676500074 1704613598 1757274528 1768137885 1772891979 1838167405 1863203546 1893867912 1894999866 1897946761 1955067201 2055436659
1292321729 1302487967 1336079149 1375514710 1386020826 1386952078 1403141592 1437920077 1442672628 1486227816 1488872754 1513348680 1547453566 1597138438 1676500074 1704613598 1757274528 1768137885 1772891979 1838167405 1863203546 1893867912 1894999866 1897946761 1955067201 2055436659
1302487967 1336079149 1375514710 1386020826 1386952078 1403141592 1437920077 1442672628 1486227816 1488872754 1513348680 1547453566 1597138438 1676500074 1704613598 1757274528 1768137885 1772891979 1838167405 1863203546 1893867912 1894999866 1897946761 1955067201 2055436659
1336079149 1375514710 1386020826 1386952078 1403141592 1437920077 1442672628 1486227816 1488872754 1513348680 1547453566 1597138438 1676500074 1704613598 1757274528 1768137885 1772891979 1838167405 1863203546 1893867912 1894999866 1897946761 1955067201 2055436659
1375514710 1386020826 1386952078 1403141592 1437920077 1442672628 1486227816 1488872754 1513348680 1547453566 1597138438 1676500074 1704613598 1757274528 1768137885 1772891979 1838167405 1863203546 1893867912 1894999866 1897946761 1955067201 2055436659
1386020826 1386952078 1403141592 1437920077 1442672628 1486227816 1488872754 1513348680 1547453566 1597138438 1676500074 1704613598 1757274528 1768137885 1772891979 1838167405 1863203546 1893867912 1894999866 1897946761 1955067201 2055436659
1386952078 1403141592 1437920077 1442672628 1486227816 1488872754 1513348680 1547453566 1597138438 1676500074 1704613598 1757274528 1768137885 1772891979 1838167405 1863203546 1893867912 1894999866 1897946761 1955067201 2055436659
1403141592 1437920077 1442672628 1486227816 1488872754 1513348680 1547453566 1597138438 1676500074 1704613598 1757274528 1768137885 1772891979 1838167405 1863203546 1893867912 1894999866 1897946761 1955067201 2055436659
1437920077 1442672628 1486227816 1488872754 1513348680 1547453566 1597138438 1676500074 1704613598 1757274528 1768137885 1772891979 1838167405 1863203546 1893867912 1894999866 1897946761 1955067201 2055436659
1442672628 1486227816 1488872754 1513348680 1547453566 1597138438 1676500074 1704613598 1757274528 1768137885 1772891979 1838167405 1863203546 1893867912 1894999866 1897946761 1955067201 2055436659
1486227816 1488872754 1513348680 1547453566 1597138438 1676500074 1704613598 1757274528 1768137885 1772891979 1838167405 1863203546 1893867912 1894999866 1897946761 1955067201 2055436659
1488872754 1513348680 1547453566 1597138438 1676500074 1704613598 1757274528 1768137885 1772891979 1838167405 1863203546 1893867912 1894999866 1897946761 1955067201 2055436659
1513348680 1547453566 1597138438 1676500074 1704613598 1757274528 1768137885 1772891979 1838167405 1863203546 1893867912 1894999866 1897946761 1955067201 2055436659
1547453566 1597138438 1676500074 1704613598 1757274528 1768137885 1772891979 1838167405 1863203546 1893867912 1894999866 1897946761 1955067201 2055436659
1597138438 1676500074 1704613598 1757274528 1768137885 1772891979 1838167405 1863203546 1893867912 1894999866 1897946761 1955067201 2055436659
1676500074 1704613598 1757274528 1768137885 1772891979 1838167405 1863203546 1893867912 1894999866 1897946761 1955067201 2055436659
1704613598 1757274528 1768137885 1772891979 1838167405 1863203546 1893867912 1894999866 1897946761 1955067201 2055436659
1757274528 1768137885 1772891979 1838167405 1863203546 1893867912 1894999866 1897946761 1955067201 2055436659
1768137885 1772891979 1838167405 1863203546 1893867912 1894999866 1897946761 1955067201 2055436659
1772891979 1838167405 1863203546 1893867912 1894999866 1897946761 1955067201 2055436659
1838167405 1863203546 1893867912 1894999866 1897946761 1955067201 2055436659
1863203546 1893867912 1894999866 1897946761 1955067201 2055436659
1893867912 1894999866 1897946761 1955067201 2055436659
1894999866 1897946761 1955067201 2055436659
1897946761 1955067201 2055436659
1955067201 2055436659
