4006058 113520855 263469142 395914196 503898829 590445685 741873699 865425758 949647164 1009773410 1034156287 1048071823 1140932673 1199642573 1292321729 1386020826 1488872754 1513348680 1597138438 1704613598 1838167405 1863203546 1893867912 1955067201 2055436659
113520855 263469142 395914196 503898829 590445685 741873699 865425758 949647164 1009773410 1034156287 1048071823 1140932673 1199642573 1292321729 1386020826 1488872754 1513348680 1597138438 1704613598 1838167405 1863203546 1893867912 1955067201 2055436659
263469142 395914196 503898829 590445685 741873699 865425758 949647164 1009773410 1034156287 1048071823 1140932673 1199642573 1292321729 1386020826 1488872754 1513348680 1597138438 1704613598 1838167405 1863203546 1893867912 1955067201 2055436659
395914196 503898829 590445685 741873699 865425758 949647164 1009773410 1034156287 1048071823 1140932673 1199642573 1292321729 1386020826 1488872754 1513348680 1597138438 1704613598 1838167405 1863203546 1893867912 1955067201 2055436659
503898829 590445685 741873699 865425758 949647164 1009773410 1034156287 1048071823 1140932673 1199642573 1292321729 1386020826 1488872754 1513348680 1597138438 1704613598 1838167405 1863203546 1893867912 1955067201 2055436659
590445685 741873699 865425758 949647164 1009773410 1034156287 1048071823 1140932673 1199642573 1292321729 1386020826 1488872754 1513348680 1597138438 1704613598 1838167405 1863203546 1893867912 1955067201 2055436659
741873699 865425758 949647164 1009773410 1034156287 1048071823 1140932673 1199642573 1292321729 1386020826 1488872754 1513348680 1597138438 1704613598 1838167405 1863203546 1893867912 1955067201 2055436659
865425758 949647164 1009773410 1034156287 1048071823 1140932673 1199642573 1292321729 1386020826 1488872754 1513348680 1597138438 1704613598 1838167405 1863203546 1893867912 1955067201 2055436659
949647164 1009773410 1034156287 1048071823 1140932673 1199642573 1292321729 1386020826 1488872754 1513348680 1597138438 1704613598 1838167405 1863203546 1893867912 1955067201 2055436659
1009773410 1034156287 1048071823 1140932673 1199642573 1292321729 1386020826 1488872754 1513348680 1597138438 1704613598 1838167405 1863203546 1893867912 1955067201 2055436659
1034156287 1048071823 1140932673 1199642573 1292321729 1386020826 1488872754 1513348680 1597138438 1704613598 1838167405 1863203546 1893867912 1955067201 2055436659
1048071823 1140932673 1199642573 1292321729 1386020826 1488872754 1513348680 1597138438 1704613598 1838167405 1863203546 1893867912 1955067201 2055436659
1140932673 1199642573 1292321729 1386020826 1488872754 1513348680 1597138438 1704613598 1838167405 1863203546 1893867912 1955067201 2055436659
1199642573 1292321729 1386020826 1488872754 1513348680 1597138438 1704613598 1838167405 1863203546 1893867912 1955067201 2055436659
1292321729 1386020826 1488872754 1513348680 1597138438 1704613598 1838167405 1863203546 1893867912 1955067201 2055436659
1386020826 1488872754 1513348680 1597138438 1704613598 1838167405 1863203546 1893867912 1955067201 2055436659
1488872754 1513348680 1597138438 1704613598 1838167405 1863203546 1893867912 1955067201 2055436659
1513348680 1597138438 1704613598 1838167405 1863203546 1893867912 1955067201 2055436659
1597138438 1704613598 1838167405 1863203546 1893867912 1955067201 2055436659
1704613598 1838167405 1863203546 1893867912 1955067201 2055436659
1838167405 1863203546 1893867912 1955067201 2055436659
1863203546 1893867912 1955067201 2055436659
1893867912 1955067201 2055436659
1955067201 2055436659
