1-0.jpg 122.739495 -913.176765 -670.955492 -62813.476108 -636.383934 508.608356 -920.690582 -26730.945756 0.580842 0.420679 -0.696887 -5.463049 
1-1.jpg 78.699835 -1254.205506 -936.553265 -83209.169188 -988.560701 756.494454 -932.841695 -11004.497863 0.571591 0.693896 -0.437940 30.447325 
1-10.jpg 87.326498 -1322.266217 -991.329514 -72658.240553 -1174.175584 791.404458 -1084.199566 -18358.516395 0.443987 0.606851 -0.659248 14.445547 
1-11.jpg 74.629729 -1326.134910 -975.883568 -71062.845830 -1175.301030 758.486232 -1098.501807 -20206.053234 0.444967 0.562270 -0.697034 11.135341 
1-12.jpg 79.902405 -1330.928497 -993.979244 -69750.502568 -1178.217025 779.776974 -1099.847190 -19464.778627 0.451678 0.578244 -0.679427 12.240036 
1-13.jpg 75.901566 -1318.040110 -991.392399 -67487.709378 -1183.465090 780.146426 -1105.858769 -20075.277135 0.428638 0.573166 -0.698391 10.333541 
1-14.jpg 50.106453 -1338.247075 -964.902528 -66261.900034 -1199.220056 775.293555 -1121.936983 -21122.632274 0.406275 0.554001 -0.726652 8.059414 
1-15.jpg 29.600597 -1363.865767 -935.609220 -64949.181285 -1201.426647 768.693883 -1128.304918 -21741.226538 0.407390 0.541005 -0.735763 6.911753 
1-16.jpg 23.844652 -1360.922224 -940.711306 -63299.281992 -1211.432327 757.993216 -1141.387833 -22622.878912 0.395355 0.518507 -0.758185 5.067802 
1-17.jpg 16.681233 -1360.724391 -937.624665 -61529.379650 -1220.641572 744.765195 -1155.046250 -23789.218273 0.380128 0.497249 -0.779902 3.040096 
1-18.jpg -3.732653 -1380.101102 -902.909222 -59657.636522 -1227.721160 734.460030 -1165.188733 -24629.175489 0.367857 0.481756 -0.795356 1.528085 
1-19.jpg -17.151105 -1379.323348 -916.366473 -58367.590081 -1254.832891 713.003053 -1190.803406 -26194.903030 0.336479 0.442084 -0.831471 -1.140571 
1-2.jpg 85.440142 -1278.780123 -968.023425 -83929.418097 -1043.606629 769.424177 -986.436667 -12936.224563 0.569931 0.649396 -0.503451 26.739420 
1-20.jpg -24.969867 -1384.482990 -904.745799 -56438.798046 -1250.136758 712.695445 -1192.107814 -26456.616112 0.339153 0.437262 -0.832933 -1.794901 
1-21.jpg -44.634910 -1403.218405 -882.078023 -54898.302678 -1249.715503 699.243646 -1199.683091 -27053.934742 0.341895 0.411828 -0.844692 -3.092912 
1-22.jpg -55.456468 -1410.897640 -867.407525 -52921.441443 -1249.431427 689.049655 -1205.080603 -27501.832477 0.339654 0.395997 -0.853124 -4.109205 
1-23.jpg -67.472748 -1418.768400 -868.783642 -51246.729771 -1260.707878 672.629214 -1219.127196 -28476.943510 0.327859 0.367714 -0.870227 -5.597900 
1-27.jpg -112.353777 -1451.074779 -808.702651 -43178.300086 -1261.614563 651.953079 -1229.378466 -29597.347138 0.324162 0.323988 -0.888792 -8.521180 
1-24.jpg -76.565114 -1411.823124 -852.693192 -48952.212284 -1265.961024 676.709718 -1217.714732 -28753.535457 0.310142 0.373435 -0.874276 -6.478856 
1-74.jpg -606.716988 -1528.819345 144.216286 81753.627535 -1352.020622 298.602247 -1275.264467 -26702.927408 0.150326 -0.276432 -0.949204 -11.531171 
1-25.jpg -85.302443 -1428.223211 -836.026531 -47077.176073 -1256.694686 664.790562 -1218.452540 -28871.408851 0.326115 0.355158 -0.876077 -6.963096 
1-26.jpg -94.844193 -1432.669382 -832.088077 -45177.166309 -1265.247842 665.622274 -1223.028572 -29131.558734 0.317371 0.349663 -0.881482 -7.596509 
1-28.jpg -128.237413 -1450.897031 -793.898939 -41112.070107 -1260.975860 637.964193 -1235.809296 -30220.002968 0.312910 0.300897 -0.900860 -9.805574 
1-29.jpg -137.029189 -1457.215961 -780.747846 -38922.653268 -1260.786203 633.082076 -1238.510510 -30506.833911 0.312245 0.291426 -0.904198 -10.418151 
1-3.jpg 93.367397 -1292.096888 -978.045102 -82995.346407 -1073.222817 779.641024 -1007.604394 -13950.422876 0.543589 0.648467 -0.532918 24.649122 
1-30.jpg -143.279948 -1466.636581 -777.573295 -36786.041166 -1270.679426 635.283014 -1243.163190 -30609.836562 0.308467 0.289207 -0.906205 -10.660477 
1-38.jpg -240.736484 -1526.442314 -623.050593 -17210.936955 -1274.859561 576.233902 -1267.419828 -32508.451009 0.294529 0.181707 -0.938208 -15.203657 
1-31.jpg -151.326519 -1482.006049 -761.479092 -34552.596632 -1258.089134 624.570629 -1243.064892 -30654.407745 0.328031 0.269843 -0.905307 -10.995952 
1-32.jpg -164.268998 -1481.733592 -743.778102 -32265.796850 -1260.571026 618.378974 -1245.802429 -31084.630777 0.316622 0.259484 -0.912370 -12.039488 
1-33.jpg -176.214605 -1485.461763 -725.396743 -29759.594114 -1263.171975 619.046350 -1247.682667 -31250.455079 0.310825 0.255843 -0.915387 -12.571035 
1-34.jpg -189.204923 -1490.790636 -705.540424 -27310.511854 -1266.768144 613.249977 -1252.301514 -31563.066518 0.303356 0.244791 -0.920898 -13.158875 
1-39.jpg -245.790571 -1523.725151 -611.466411 -14719.024243 -1270.354595 575.922870 -1266.312837 -32669.200255 0.293889 0.180060 -0.938727 -15.717771 
1-35.jpg -203.666818 -1498.576920 -676.218901 -24744.860826 -1259.763968 602.246875 -1253.444577 -31836.293645 0.306933 0.227225 -0.924208 -13.862991 
1-36.jpg -210.124674 -1504.941207 -672.769706 -22554.197701 -1258.408310 601.464436 -1254.092515 -31969.471382 0.312039 0.219567 -0.924349 -14.225239 
1-37.jpg -224.964536 -1515.555779 -644.099558 -19889.150889 -1255.482134 585.054256 -1256.412664 -32179.170025 0.313913 0.195854 -0.929032 -14.847514 
1-4.jpg 95.779562 -1299.279644 -983.438568 -81674.968925 -1082.431525 775.295207 -1020.372367 -14540.521353 0.548622 0.634781 -0.544121 23.893481 
1-40.jpg -262.339877 -1525.940203 -592.582197 -12169.723132 -1282.306397 565.154414 -1271.066728 -32922.932188 0.275540 0.162621 -0.947434 -16.441721 
1-41.jpg -282.239759 -1511.053365 -568.982366 -9660.024840 -1311.031194 565.700293 -1275.021071 -33476.324213 0.228100 0.162235 -0.960026 -17.796154 
1-42.jpg -290.182806 -1519.084134 -563.889630 -7277.917629 -1316.109789 556.045481 -1280.455186 -33588.766004 0.225632 0.146722 -0.963101 -17.901875 
1-46.jpg -335.437277 -1540.131819 -474.626162 3684.075536 -1324.256088 517.111678 -1288.347143 -33815.869926 0.212597 0.088204 -0.973151 -18.934510 
1-52.jpg -402.729249 -1560.072504 -337.308636 20466.551945 -1339.342384 459.465270 -1294.585139 -33387.718111 0.189230 0.000180 -0.981933 -19.391279 
1-43.jpg -306.399610 -1531.111232 -534.190139 -4270.438116 -1319.685666 543.986377 -1284.246616 -33639.195894 0.224251 0.126378 -0.966302 -18.070707 
1-57.jpg -465.127545 -1569.737841 -207.655745 35217.921061 -1356.509177 409.336791 -1295.803630 -32177.262823 0.166807 -0.081234 -0.982637 -18.388146 
1-44.jpg -319.612384 -1527.102774 -516.725320 -1884.363008 -1330.030082 536.962725 -1285.055660 -33913.785835 0.206034 0.115686 -0.971682 -18.802809 
1-62.jpg -519.393119 -1556.084217 -100.163432 48827.699393 -1380.200142 370.829266 -1290.817671 -30780.861924 0.127121 -0.146095 -0.981069 -17.121591 
1-45.jpg -323.633554 -1537.160408 -512.027598 734.106658 -1322.461362 519.375043 -1288.120347 -33795.668864 0.216004 0.092860 -0.971967 -18.622623 
1-47.jpg -346.809166 -1550.801414 -452.675310 6580.686875 -1323.192622 514.257589 -1291.314474 -33789.883993 0.218903 0.077356 -0.972675 -18.865132 
1-48.jpg -350.563181 -1566.004297 -429.872211 9616.580049 -1296.883353 509.595456 -1289.190674 -33585.140330 0.255659 0.065124 -0.964571 -18.356258 
1-49.jpg -367.729661 -1547.924574 -424.725941 11717.105082 -1331.309611 499.369600 -1293.520792 -33873.912096 0.200510 0.053149 -0.978249 -19.287776 
1-64.jpg -533.359635 -1556.466297 -68.028538 54339.168945 -1378.321515 357.868238 -1291.166699 -30088.086025 0.128338 -0.167972 -0.977402 -16.131468 
1-5.jpg 99.717254 -1300.078214 -983.637131 -80007.954085 -1121.108220 784.594372 -1046.985454 -16036.142903 0.489692 0.629817 -0.602937 19.863802 
1-50.jpg -370.395692 -1565.196899 -401.298126 14799.018777 -1311.190126 481.723230 -1292.887195 -33437.923837 0.230142 0.029977 -0.972695 -18.669473 
1-51.jpg -378.934416 -1567.120763 -379.638485 17743.895051 -1316.878084 476.853950 -1295.654090 -33469.812830 0.223616 0.023212 -0.974401 -18.748611 
1-53.jpg -414.072620 -1552.359701 -315.268752 23068.306643 -1344.746637 465.784177 -1294.426044 -33574.463925 0.177259 0.002301 -0.984162 -19.800896 
1-67.jpg -563.958714 -1537.047869 10.275257 62402.263279 -1387.931172 343.294649 -1287.102578 -29212.616397 0.107707 -0.197820 -0.974303 -15.138606 
1-54.jpg -421.034898 -1572.724262 -300.147062 26281.004393 -1332.365987 445.814766 -1296.869318 -33038.861284 0.201520 -0.027204 -0.979106 -18.823722 
1-65.jpg -540.596856 -1564.217892 -42.398993 57664.946779 -1367.734948 348.417812 -1289.855069 -29551.531836 0.146097 -0.185134 -0.971793 -15.293626 
1-55.jpg -433.572194 -1566.013357 -264.089382 29233.149657 -1332.543233 434.157562 -1295.294592 -32827.448224 0.192618 -0.041985 -0.980375 -18.863146 
1-56.jpg -451.192114 -1565.569030 -257.317878 31591.210652 -1355.997432 428.112487 -1296.544669 -32775.208334 0.166061 -0.057266 -0.984451 -18.993796 
1-60.jpg -491.836415 -1565.809263 -164.716410 42970.226946 -1369.433463 390.549834 -1294.279812 -31567.113473 0.146523 -0.113842 -0.982635 -17.935243 
1-58.jpg -471.564201 -1560.511394 -199.419961 37372.545910 -1358.125909 406.441687 -1294.633815 -32150.528470 0.155962 -0.086341 -0.983982 -18.549738 
1-69.jpg -576.406148 -1537.775565 18.417189 67364.269699 -1386.833877 332.523273 -1285.261692 -28503.717747 0.105991 -0.218741 -0.970009 -14.136799 
1-59.jpg -486.335458 -1563.015802 -150.552526 40961.497063 -1362.205964 391.369717 -1294.390843 -31619.920495 0.153845 -0.107364 -0.982245 -17.926969 
1-6.jpg 99.261484 -1296.732880 -983.957044 -78259.348506 -1139.637725 781.165159 -1054.042693 -17162.140071 0.466168 0.623237 -0.627904 17.521082 
1-61.jpg -505.167015 -1565.473319 -125.157230 46243.587251 -1367.332006 381.763583 -1292.513894 -31105.470127 0.148864 -0.130269 -0.980240 -17.371454 
1-63.jpg -524.836360 -1562.542778 -112.091737 51201.540273 -1381.790632 362.574856 -1290.989297 -30310.855414 0.125979 -0.160282 -0.978999 -16.462431 
1-66.jpg -550.892855 -1551.418694 -44.224816 59381.141594 -1386.501781 347.861133 -1288.503566 -29458.914816 0.114667 -0.188460 -0.975364 -15.443949 
1-68.jpg -571.278085 -1516.163152 7.493160 63728.142045 -1402.774866 342.818672 -1282.077805 -29183.247746 0.074333 -0.198888 -0.977199 -15.526989 
1-7.jpg 98.038731 -1302.660366 -990.760950 -77027.228170 -1146.271340 783.635720 -1070.493071 -17633.488395 0.464995 0.610698 -0.640958 16.337212 
1-70.jpg -583.962696 -1509.505875 41.963380 68791.392693 -1400.092547 330.717979 -1279.198654 -28645.202804 0.072738 -0.219011 -0.973007 -14.852250 
1-71.jpg -590.921963 -1513.301887 70.499960 72050.099850 -1389.942615 325.863786 -1280.608107 -28318.088025 0.088894 -0.230729 -0.968949 -14.091217 
1-72.jpg -593.518588 -1509.329264 83.827389 74435.592677 -1378.533054 321.818745 -1279.295214 -28203.959854 0.097601 -0.237579 -0.966452 -13.860752 
1-73.jpg -605.157892 -1501.311602 138.580861 77873.299066 -1378.037030 315.359640 -1279.931902 -27759.483302 0.100900 -0.249747 -0.963040 -13.074639 
1-75.jpg -612.442883 -1510.877614 177.655316 84167.692260 -1344.669468 299.367019 -1272.384665 -26751.933964 0.150132 -0.276566 -0.949195 -11.751741 
1-8.jpg 97.722973 -1316.933406 -1004.015769 -76076.628730 -1153.623548 791.672948 -1071.237838 -17296.427140 0.477425 0.614090 -0.628458 17.213624 
1-9.jpg 96.889383 -1308.679600 -999.556431 -73938.278956 -1157.522441 791.848704 -1071.913984 -17599.237033 0.460698 0.614918 -0.640026 15.971379 
