1704613598 1838167405
1
sift 248
19 19
329 357
0 0
242 260
392 432
6 7
222 292
421 474
10 8
240 277
508 529
11 14
417 520
482 619
14 13
461 490
667 717
17 17
464 495
23 22
581 623
31 27
590 681
27 29
24 35
29 33
25 40
38 36
30 46
34 44
48 43
43 50
47 45
58 52
54 55
50 68
57 70
63 63
79 57
70 64
72 69
61 80
75 72
76 73
71 77
74 78
90 92
83 94
94 88
110 93
87 120
91 119
96 115
108 103
105 112
113 111
104 125
123 107
120 113
115 121
140 108
117 128
121 132
129 127
111 169
127 135
142 133
131 148
135 152
130 161
137 157
154 138
161 136
114 212
157 153
149 166
143 180
146 176
180 146
151 168
162 159
175 162
159 188
136 228
156 199
173 182
176 186
183 172
199 175
186 211
166 241
203 201
213 208
181 246
207 226
212 221
195 240
223 237
235 222
210 259
200 265
230 242
238 235
224 257
196 271
251 225
215 266
239 254
332 217
233 280
296 244
254 274
255 282
193 413
264 285
267 290
274 294
276 306
243 340
270 319
287 289
272 327
279 317
307 297
293 312
292 336
347 296
283 365
322 333
302 352
343 324
320 344
268 408
306 358
310 362
303 370
317 359
321 356
273 430
298 396
341 373
391 311
361 360
319 417
390 351
309 445
377 374
374 384
436 346
349 434
451 342
353 446
465 347
429 379
360 444
443 372
419 394
385 421
384 425
399 419
398 420
408 428
396 442
382 463
410 450
423 451
460 424
380 504
412 477
414 479
403 492
444 468
453 460
404 502
438 483
469 486
470 497
439 521
530 449
434 531
386 582
447 530
472 522
455 542
521 491
492 514
459 547
474 524
497 533
542 505
531 512
577 471
493 540
488 549
505 539
500 570
468 640
532 543
646 464
501 600
529 579
540 571
524 585
515 610
528 588
512 627
535 591
543 581
537 594
567 554
636 513
534 626
551 608
592 564
559 615
539 658
571 621
689 508
522 694
597 614
566 650
585 639
458 769
615 603
603 634
607 631
575 665
589 670
624 635
610 644
643 637
598 682
619 659
638 652
579 722
596 698
594 733
612 706
609 708
663 676
694 648
627 749
659 713
668 707
665 740
691 704
680 757
647 767
1704613598 1863203546
1
sift 138
442 347
60 56
6 7
428 392
12 10
14 9
18 18
21 19
30 20
26 21
29 23
27 28
43 26
36 37
38 35
58 41
57 43
53 48
71 50
85 46
89 49
75 61
83 59
84 69
104 60
93 72
105 70
111 71
98 82
103 86
121 74
110 92
115 88
127 96
142 93
156 97
137 119
153 112
151 126
154 139
166 136
189 124
163 154
171 160
225 141
208 165
249 132
212 180
213 191
221 189
199 222
369 130
231 224
301 168
254 204
239 230
262 208
293 199
347 178
280 210
380 172
298 217
332 205
333 202
390 175
288 234
279 245
317 221
259 282
348 213
289 254
303 249
321 247
346 236
318 256
324 270
383 220
351 259
319 288
331 286
304 306
353 277
381 250
362 305
399 264
394 291
356 339
376 315
565 214
462 296
605 226
404 331
416 330
548 251
419 333
439 325
488 298
475 343
469 348
472 349
552 307
465 362
515 335
533 328
566 314
432 456
532 358
497 410
523 373
486 432
559 380
575 367
576 376
560 397
530 448
580 384
484 499
574 404
612 371
572 415
538 469
587 408
568 443
599 429
633 402
610 442
619 433
624 440
586 479
643 426
677 389
623 463
640 454
632 467
685 409
647 491
691 446
674 475
1704613598 1893867912
1
sift 211
19 21
59 77
0 0
222 220
270 258
2 2
240 217
329 347
6 6
242 227
392 349
10 8
370 354
421 392
11 12
461 397
444 360
14 11
482 555
15 13
535 479
17 15
508 543
23 20
594 531
27 29
29 32
684 658
41 34
38 37
34 42
36 43
48 38
30 51
43 46
58 44
70 47
57 57
79 55
61 65
75 60
76 63
71 71
72 67
90 98
103 94
105 95
96 106
113 96
104 119
120 101
140 86
129 99
115 107
117 109
111 138
137 113
127 123
114 151
119 154
135 133
130 139
131 141
154 115
161 121
171 118
146 149
180 120
151 157
153 156
162 143
143 183
158 172
175 162
156 188
159 184
183 164
176 175
199 165
186 181
172 203
203 193
221 191
184 222
207 214
213 212
202 225
238 194
224 208
223 209
231 205
200 248
235 210
182 264
228 232
230 230
229 244
239 231
347 185
193 294
215 288
276 243
311 221
233 280
304 241
234 305
264 272
243 290
267 276
332 257
272 303
279 284
292 282
268 317
302 287
300 309
303 310
273 352
321 316
310 325
361 292
317 337
283 367
306 358
298 389
377 319
443 299
374 343
419 324
353 377
309 429
384 355
401 345
410 357
399 361
307 454
451 335
396 370
429 362
470 340
398 400
382 437
460 383
403 427
385 443
438 410
492 378
423 447
458 423
455 432
426 453
439 450
472 430
408 481
441 476
469 461
530 404
404 565
542 424
531 438
646 376
493 484
589 401
497 495
474 517
437 604
505 503
543 486
529 507
552 480
501 573
584 460
522 550
537 553
518 581
567 506
583 501
528 583
565 524
532 592
488 661
592 509
640 469
571 561
576 560
595 527
591 533
610 519
489 693
534 654
598 595
643 559
603 613
612 600
558 675
619 609
690 513
648 593
663 584
566 698
638 637
658 618
627 660
613 681
685 607
659 678
668 673
633 712
682 697
691 703
670 715
1704613598 2055436659
1
sift 115
51 54
0 2
60 69
48 29
6 7
329 405
10 10
392 364
270 287
15 13
456 346
14 14
421 433
535 492
11 16
482 468
25 26
508 541
589 538
27 22
38 24
592 638
41 34
34 41
657 603
36 47
43 51
30 63
58 44
70 40
62 49
89 45
75 58
71 67
129 80
115 89
119 85
105 102
103 107
120 93
117 99
111 142
161 100
131 131
137 129
130 160
162 119
150 145
151 155
121 219
143 186
175 164
172 168
183 161
156 204
230 146
199 171
203 183
207 200
200 205
223 188
229 198
311 151
195 217
287 169
221 215
228 221
239 214
236 236
233 258
193 353
266 253
243 280
272 273
300 293
268 336
401 250
310 303
374 275
303 338
321 327
317 335
361 302
343 321
339 345
419 329
458 317
353 426
438 357
396 385
404 391
398 412
530 354
459 423
434 469
472 437
437 474
460 450
439 484
469 476
493 466
497 502
505 490
552 470
571 505
591 526
474 683
648 504
576 573
560 593
558 598
612 557
610 619
575 678
638 640
1756966558 1994239242
1
sift 148
69 212
3 6
27 74
38 168
82 272
72 211
56 185
70 235
95 349
159 373
78 326
83 310
116 407
124 601
102 386
103 404
121 396
149 578
90 494
143 377
123 500
148 608
133 561
129 499
189 541
142 769
130 724
217 626
199 721
167 765
183 789
195 718
233 717
186 852
239 760
230 754
220 790
259 792
244 759
216 858
194 1004
200 991
202 935
240 880
270 823
292 923
298 937
223 928
219 1016
271 1005
319 898
354 767
300 845
284 1014
301 992
242 1050
304 974
267 1098
419 834
347 873
252 1140
302 1096
309 1065
287 1163
379 1047
285 1331
346 989
351 1003
288 1358
338 1172
331 1108
321 1255
393 1118
275 1435
348 1187
341 1189
327 1366
417 1042
386 1113
454 1037
350 1385
355 1241
238 1780
369 1186
334 1620
447 1115
391 1148
403 1202
383 1499
375 1269
459 1144
405 1224
546 1258
421 1256
456 1200
446 1217
500 1352
415 1280
360 1457
359 1488
602 1353
466 1292
496 1235
399 1414
576 1431
388 1438
536 1199
494 1250
505 1664
499 1301
382 1485
522 1289
530 1828
498 1388
467 1424
533 1328
520 1964
409 1670
411 1602
506 1406
543 1453
489 1479
519 1447
423 1793
491 1527
432 1669
559 1492
416 1745
474 1613
532 1578
606 1419
464 1837
481 1796
614 1489
552 1648
603 1561
502 1770
610 1537
583 1663
510 1791
556 1743
605 1696
554 1846
550 1838
641 1982
589 1752
629 1803
623 1852
1756966558 2044755424
1
sift 179
82 219
7 18
5 13
95 222
16 43
116 318
30 84
23 56
123 396
21 61
143 285
124 465
26 75
199 558
27 74
129 342
148 437
51 94
162 706
47 107
189 533
149 535
61 157
194 589
65 306
252 571
142 569
78 246
240 685
83 232
208 721
167 546
81 270
223 749
96 293
209 805
159 621
101 278
296 635
103 312
222 784
195 607
102 317
270 708
131 277
233 850
200 785
115 372
221 1039
114 383
230 1008
186 913
154 316
334 933
135 335
347 976
268 745
137 373
350 986
133 474
379 999
292 755
153 544
505 1091
178 526
383 1038
259 843
217 507
546 1074
281 449
530 1221
310 783
183 608
586 1366
244 550
440 1421
291 838
243 565
581 1494
202 747
576 1183
284 861
234 686
622 1577
216 743
563 1509
302 813
258 713
229 795
602 1458
336 765
277 703
203 897
619 1467
272 929
269 781
306 730
287 975
298 761
318 736
314 936
361 650
312 764
322 924
313 824
419 665
341 898
331 796
340 779
285 1083
299 915
319 889
454 788
351 860
432 806
275 1157
346 938
271 1206
338 1058
397 894
348 1004
498 949
399 943
335 1084
329 1340
459 925
391 987
446 1154
394 1012
360 1105
395 1269
405 1036
380 1149
533 1063
536 956
522 981
481 1167
386 1176
369 1241
415 1320
467 1095
457 1160
388 1465
494 1139
410 1312
612 1088
382 1372
496 1205
425 1472
416 1368
464 1287
460 1411
507 1224
450 1331
559 1247
411 1437
510 1237
550 1319
519 1229
475 1329
603 1226
445 1417
493 1330
545 1391
491 1390
578 1215
532 1448
489 1434
501 1415
552 1491
606 1232
589 1262
543 1549
514 1460
614 1239
583 1479
565 1364
610 1392
590 1593
1757274528 1768137885
1
sift 146
108 116
13 16
2 3
505 417
147 108
14 10
146 142
99 90
19 19
509 470
307 273
30 28
313 289
260 255
18 33
541 491
470 329
36 34
550 471
294 256
43 60
567 485
51 52
648 509
331 267
58 49
709 472
63 50
767 486
419 333
55 62
605 585
60 58
757 520
342 475
65 66
897 602
64 69
778 663
678 482
73 72
896 681
84 65
814 757
670 514
82 70
1120 848
87 86
1256 748
668 532
107 91
1177 905
106 97
771 600
113 104
116 122
727 643
109 128
112 129
664 721
134 106
127 126
796 639
136 118
151 121
830 626
141 139
125 160
1000 535
143 151
153 155
718 707
207 146
208 150
739 743
172 174
190 187
888 655
196 197
195 201
935 665
246 169
255 222
831 779
248 240
225 288
1019 658
284 301
365 238
983 726
429 219
325 272
1169 654
319 337
324 356
1121 710
430 323
318 502
1017 841
446 364
525 341
1267 781
439 415
461 412
1277 874
583 355
493 449
1159 950
498 489
574 473
519 550
654 493
653 541
644 581
639 610
623 631
711 583
706 596
821 559
736 613
857 565
745 636
754 653
841 632
909 623
978 606
833 708
1152 582
1008 644
898 740
1047 649
916 747
899 805
981 754
962 795
1092 713
946 829
959 852
1196 715
906 941
996 866
999 882
1279 774
1306 821
1290 930
1313 952
1757274528 1772891979
1
sift 458
85 109
9 14
2 2
12 12
59 55
14 16
147 182
20 22
17 19
27 27
68 76
19 18
221 238
66 64
18 21
99 98
71 79
21 20
336 349
83 87
31 29
222 311
75 105
29 31
467 512
88 86
36 36
294 325
90 97
43 33
470 546
96 106
40 38
396 322
142 137
33 52
507 506
131 175
39 48
338 391
155 146
45 45
551 513
159 176
50 58
415 345
157 148
57 61
648 675
161 189
60 57
463 438
186 220
58 59
672 737
236 283
61 66
479 444
230 197
63 69
863 959
270 362
73 70
523 549
175 245
72 81
816 1016
314 318
76 80
533 613
216 225
81 77
778 1097
330 335
82 89
664 635
238 237
84 94
964 1127
340 351
100 108
670 666
245 241
102 118
991 1145
370 348
106 117
749 691
271 271
105 122
1126 1080
331 406
112 120
678 780
283 272
116 124
1129 1110
634 343
123 125
771 712
287 339
115 143
1080 1260
451 495
127 136
825 836
327 385
125 144
499 581
113 156
831 922
337 432
137 133
560 517
134 139
877 914
437 461
129 145
506 588
133 152
971 897
477 453
139 151
632 620
141 155
919 957
444 498
143 163
616 654
162 147
935 1013
536 491
163 160
702 655
151 173
1006 1014
564 473
166 179
667 703
152 194
1089 1015
565 486
167 180
719 661
158 200
1120 1071
556 582
176 195
631 814
190 192
1075 1155
627 628
195 191
735 681
185 208
1073 1159
790 636
194 209
739 685
198 201
1214 1051
708 731
197 211
750 764
223 187
1159 1131
759 751
203 205
710 853
171 233
1098 1202
782 767
225 203
830 839
207 221
1277 1068
761 808
231 198
872 837
192 235
1169 1162
762 819
180 258
888 867
265 185
1259 1105
793 844
212 229
1019 787
205 242
1267 1213
865 804
206 249
985 902
173 278
776 875
227 240
1055 861
235 250
918 801
259 228
882 1041
232 261
912 848
241 255
910 1007
242 263
904 895
248 268
967 961
255 269
823 986
246 275
944 1036
272 251
922 924
233 287
1148 892
258 279
873 1032
252 286
1000 1042
184 382
975 937
269 284
1302 884
256 305
1037 968
275 288
1203 1064
243 320
1041 1010
299 281
1181 1099
292 299
1114 985
250 369
1116 1224
321 295
1230 949
343 296
1192 1167
302 324
1048 1126
304 326
1225 1150
309 344
1164 1045
306 352
1243 1142
431 277
1178 1084
387 304
1199 1195
305 358
1204 1082
325 341
1308 1104
353 323
1206 1153
319 346
1269 1185
311 364
1257 1245
320 355
1286 1267
372 328
1329 1182
391 338
361 360
1328 1211
365 375
366 378
474 315
443 332
413 363
347 413
417 372
401 389
405 388
421 380
407 408
423 402
519 342
429 410
430 419
404 456
393 466
546 367
385 493
458 423
438 434
439 452
447 458
483 469
676 357
531 433
493 483
473 514
486 507
514 474
490 525
516 499
434 606
527 509
544 502
488 556
554 497
528 526
525 535
553 520
508 563
535 547
548 545
559 542
562 543
622 494
547 576
566 571
543 592
590 560
597 565
649 548
763 471
606 589
587 604
601 617
629 607
623 622
653 598
639 621
650 601
552 739
652 629
625 695
695 608
714 600
628 708
607 732
656 673
647 696
640 721
769 593
682 657
694 652
715 648
723 672
807 624
699 694
697 726
655 806
803 668
666 800
729 728
733 746
833 674
732 761
751 757
721 802
845 710
754 793
774 773
849 720
884 690
811 755
798 772
596 1087
806 786
820 781
834 769
797 813
804 810
826 811
745 877
857 794
829 822
720 920
992 688
854 829
800 886
837 851
805 885
777 931
1005 723
899 821
868 860
870 863
879 869
815 932
955 809
933 846
891 887
951 825
958 824
819 973
1044 770
712 1135
946 854
959 849
941 889
914 919
926 939
869 1026
924 972
962 935
947 947
937 979
994 936
907 1056
979 963
1003 951
1029 946
981 1002
1058 945
1023 999
1002 1024
1103 956
976 1088
1053 1008
1086 990
1033 1038
1046 1031
1021 1074
1109 1001
1081 1033
999 1111
1215 960
1099 1049
1095 1062
1094 1066
1141 1035
1156 1048
1042 1174
1136 1093
1197 1058
1155 1090
1185 1081
1107 1163
1242 1046
1152 1118
1233 1059
1173 1117
1313 1011
1195 1143
1191 1151
1260 1094
1258 1122
1228 1149
1211 1172
1122 1241
1150 1226
1153 1230
1224 1207
1305 1139
1176 1259
1327 1157
1323 1169
1301 1210
1757274528 1894999866
1
sift 652
28 24
9 6
2 0
35 30
12 10
6 3
86 82
16 14
11 9
101 98
27 22
14 8
108 123
32 35
17 17
147 150
42 50
19 15
228 201
54 49
21 16
221 214
56 46
30 25
253 271
59 69
34 28
240 293
66 68
36 34
307 297
75 65
39 38
335 348
68 71
40 42
313 350
83 79
45 44
336 374
88 89
44 45
414 408
99 86
41 51
494 342
96 97
43 47
472 417
93 99
50 53
359 516
95 100
51 55
433 456
103 116
55 54
469 444
131 132
58 59
467 450
159 164
60 61
464 484
161 182
61 63
509 458
219 249
63 66
505 497
213 273
64 73
541 517
222 281
72 72
550 550
236 276
76 70
507 551
260 275
71 74
567 559
264 283
65 78
540 543
239 299
73 75
672 495
294 323
69 76
619 528
297 345
82 80
538 631
314 346
81 85
605 588
340 359
84 83
690 587
373 372
90 92
648 618
356 384
87 96
659 714
338 416
98 106
709 681
408 354
102 111
684 720
396 370
105 107
856 598
390 381
106 112
757 724
370 407
109 110
767 752
415 394
112 121
746 816
418 441
115 119
835 769
455 420
104 141
844 867
450 437
113 128
778 835
506 479
116 130
863 869
478 549
127 117
963 751
524 503
125 129
952 829
476 600
121 134
1080 866
499 546
122 136
897 1099
560 522
126 142
1210 862
487 611
128 168
1030 988
537 582
141 151
1031 1107
580 547
137 157
1067 1103
523 620
138 162
1129 1122
532 628
143 163
1126 1203
634 595
149 152
1256 1065
630 607
155 154
1177 1183
710 535
132 225
1291 1019
604 658
153 165
668 594
152 167
611 694
151 170
664 663
205 148
667 634
191 155
670 665
163 176
853 566
166 177
616 805
164 179
727 636
169 184
642 815
171 187
740 661
197 175
724 676
158 213
725 682
157 224
738 686
179 188
719 704
174 192
753 684
175 189
679 781
172 203
749 711
180 196
669 834
183 202
739 742
187 199
735 754
190 198
742 771
168 223
750 766
198 191
771 802
176 209
795 803
203 194
825 777
167 244
768 864
195 212
702 930
209 216
830 827
196 235
877 819
208 219
888 820
192 240
939 768
212 211
929 808
194 241
890 868
206 234
872 870
207 245
839 985
220 231
935 877
230 229
831 1016
231 228
921 928
227 239
860 1032
211 251
1102 845
216 252
983 968
217 260
910 1048
223 257
985 976
225 264
944 995
250 243
967 1015
237 248
1148 880
229 263
1071 931
246 247
1154 887
232 269
1019 990
235 266
960 1078
259 250
1017 1020
252 259
1045 1047
245 270
1054 1074
272 253
1089 1037
273 255
931 1274
243 280
1203 966
254 287
1090 1091
256 285
1073 1127
261 292
1075 1128
269 284
1074 1138
226 334
1096 1134
283 279
1174 1050
275 295
1169 1073
257 313
1064 1178
200 421
1072 1176
274 304
1198 1067
271 310
1000 1272
276 311
1062 1214
248 356
1179 1110
292 307
1166 1137
282 320
1151 1169
299 309
1159 1167
286 338
1225 1119
302 324
1098 1244
287 353
1267 1092
312 319
1257 1106
393 289
1137 1229
310 326
1319 1080
351 308
1192 1228
321 325
1259 1170
309 343
1251 1191
305 351
1188 1275
304 352
1270 1218
308 349
1269 1217
325 330
1277 1237
322 340
1308 1201
365 312
1309 1257
319 347
1293 1288
320 355
1302 1290
347 335
1298 1312
420 300
1334 1300
369 357
1331 1333
366 366
358 379
361 376
318 426
372 375
346 399
334 410
363 398
360 402
324 439
353 419
413 373
416 365
410 390
388 404
423 392
407 415
337 467
402 430
438 397
430 424
474 393
422 436
426 435
447 434
412 465
457 432
434 445
429 455
444 442
437 454
439 453
427 474
535 395
461 470
508 438
383 563
473 473
486 469
468 485
483 487
435 525
482 490
449 514
545 475
493 511
544 480
516 499
527 492
519 500
477 556
525 504
528 510
552 502
531 518
543 512
547 509
536 515
453 614
592 493
562 519
549 540
514 581
588 521
556 557
498 633
658 496
559 584
601 553
574 580
633 532
663 506
489 712
570 603
566 608
590 605
610 590
625 585
591 623
629 599
639 593
640 596
644 612
607 649
571 698
712 545
649 613
623 645
626 648
652 616
548 778
661 601
705 572
653 622
645 637
647 646
657 627
781 574
622 745
697 630
766 589
646 715
628 775
650 723
674 691
721 650
655 739
711 659
998 507
850 583
695 690
731 664
720 672
804 624
682 728
881 597
803 653
714 725
703 744
715 733
680 798
745 726
694 782
732 741
761 722
736 757
792 709
708 801
815 702
854 683
759 786
811 753
754 822
869 707
785 812
706 875
656 975
849 743
829 783
820 795
827 793
797 832
833 785
852 770
810 823
774 846
870 750
806 833
660 993
864 780
748 892
845 810
834 830
744 915
819 854
805 872
847 840
836 850
868 837
873 838
892 824
857 860
865 853
841 871
801 918
763 970
777 979
783 971
951 813
907 857
922 843
930 842
886 895
912 873
879 923
1047 763
955 848
904 909
923 888
926 882
909 912
927 902
918 917
861 997
1258 692
934 904
885 965
946 894
898 954
914 943
823 1097
822 1100
941 925
1127 825
917 986
1079 851
974 922
958 945
948 969
915 1024
996 927
962 977
1002 935
770 1318
1240 828
884 1160
906 1145
1029 962
938 1085
976 1005
1093 933
1005 1009
1003 1033
975 1086
1103 956
1020 1038
1057 1001
899 1251
977 1102
1022 1054
1014 1075
1046 1026
1165 947
1033 1059
1085 1030
969 1168
1053 1076
1118 1031
1164 1013
1108 1094
1026 1181
1224 994
1100 1115
1158 1069
1155 1079
1133 1114
1152 1101
1305 958
1221 1042
1143 1120
1189 1087
1044 1234
1299 983
1220 1071
1163 1131
1153 1144
1038 1261
1236 1063
987 1315
1094 1216
1160 1157
1056 1263
1156 1164
1168 1159
1007 1320
1136 1204
1086 1276
1131 1235
1109 1267
1212 1165
1172 1215
1187 1202
1101 1294
1211 1205
1183 1249
1204 1239
1301 1130
1282 1162
1232 1209
1241 1200
1173 1269
1186 1268
1123 1309
1242 1210
1195 1265
1208 1264
1237 1236
1176 1301
1206 1281
1320 1193
1280 1273
1252 1311
1281 1287
1264 1323
1303 1303
1132 1341
1328 1271
1279 1330
1329 1278
1324 1304
1313 1331
1300 1335
1757274528 1897946761
1
sift 565
28 18
9 3
2 0
101 101
16 8
14 4
108 121
27 16
19 12
253 245
66 56
24 14
147 144
56 39
30 21
240 252
75 53
31 24
221 216
79 46
39 27
307 316
95 99
36 32
313 318
68 58
40 30
335 330
99 93
44 33
336 333
83 72
45 35
403 417
160 260
43 41
339 359
88 81
50 40
469 448
213 241
51 42
414 354
96 87
55 48
509 421
239 271
58 49
470 433
93 91
60 52
505 485
294 277
61 51
472 480
148 157
63 50
551 497
381 292
76 55
507 502
161 168
64 64
541 511
373 312
72 60
619 426
186 202
71 63
464 585
338 371
73 68
550 520
218 180
65 74
538 563
396 348
82 69
567 549
219 218
84 76
605 560
376 366
90 79
648 577
260 276
87 88
709 564
428 392
98 102
690 555
288 290
100 104
671 648
418 411
105 103
659 691
314 325
102 106
757 651
455 406
109 98
767 699
340 328
106 105
746 727
463 419
110 108
778 760
330 346
113 117
835 719
451 428
116 119
814 806
356 389
127 112
963 701
506 443
112 127
952 716
370 400
121 126
844 870
450 499
125 124
863 906
524 466
122 132
897 981
537 562
126 133
1080 897
529 476
133 134
1031 1005
618 587
128 140
1030 1070
542 620
132 153
1126 1059
664 634
141 142
1256 1012
632 573
145 141
1177 1098
678 666
138 162
1129 1154
612 595
137 169
1209 1202
670 734
143 166
1213 1275
667 598
149 152
725 671
142 178
1291 1221
668 618
155 159
742 660
153 160
679 631
152 164
753 658
191 149
669 695
151 175
740 705
158 176
616 813
164 174
749 700
163 179
719 694
203 158
739 736
197 167
735 692
205 163
768 715
172 182
750 703
180 188
919 635
190 183
710 749
174 198
795 774
183 197
825 754
187 193
771 818
176 203
830 770
208 177
724 929
157 240
877 778
179 204
888 820
198 185
872 851
175 211
939 772
195 205
890 839
173 226
929 819
200 206
983 808
192 214
921 913
178 225
910 890
196 217
831 1053
220 196
935 920
194 219
971 896
206 208
944 933
207 221
1018 917
217 213
967 955
216 215
961 996
227 210
985 942
230 212
1154 879
212 227
960 992
233 220
968 1042
232 238
1017 956
225 253
1075 1017
235 244
1054 1014
246 233
1089 1020
243 242
1074 1023
245 247
1174 972
259 246
1090 1026
242 263
1045 1106
280 228
1096 1032
254 266
1073 1089
261 262
1000 1190
271 275
1198 1003
275 274
1063 1139
226 331
1148 1057
269 281
1072 1164
248 300
1151 1066
272 284
1137 1085
276 283
1179 1046
351 229
1062 1182
282 288
1159 1152
283 287
1203 1034
274 295
1188 1134
292 297
1225 1090
302 289
1169 1160
286 317
1287 1039
309 299
1259 1124
327 294
1166 1183
299 324
1251 1142
312 309
1257 1107
287 369
1214 1188
320 326
1192 1195
308 345
1267 1147
337 308
1239 1191
319 334
1266 1236
304 355
1269 1201
325 339
1277 1219
347 322
1293 1226
369 304
1309 1250
375 303
343 336
363 343
366 342
393 332
423 315
413 323
334 386
318 420
388 367
421 341
438 356
416 377
430 394
444 383
429 398
384 454
434 408
446 414
457 415
391 498
535 370
439 455
480 424
461 447
473 446
483 440
486 453
596 376
449 490
508 437
427 533
443 514
404 565
633 384
493 509
477 527
527 474
525 477
552 461
592 445
531 496
544 486
519 513
536 500
588 467
528 518
565 489
570 487
553 510
514 545
610 473
549 535
556 525
562 536
559 537
498 604
574 550
547 582
566 586
601 568
663 521
654 542
579 612
489 781
625 578
591 617
649 571
644 581
639 589
640 592
623 615
705 546
629 623
800 515
646 601
653 591
657 600
626 667
655 647
622 712
628 718
695 614
711 608
683 632
661 657
826 570
720 630
708 641
712 639
779 596
714 650
763 625
731 649
674 714
721 661
703 685
682 711
736 662
650 796
803 626
784 644
745 675
715 709
694 757
733 732
761 721
774 707
706 789
759 763
823 702
754 771
978 584
810 743
785 779
820 747
801 805
748 857
804 803
836 766
833 784
870 745
743 883
777 871
797 850
829 835
865 800
868 791
841 814
805 865
834 834
873 804
864 821
783 922
819 898
849 859
885 816
904 811
857 874
907 812
891 823
951 756
793 954
899 832
1079 689
918 825
957 792
909 863
934 829
926 853
912 892
886 937
879 951
1127 724
946 855
914 912
898 934
884 974
927 915
917 931
941 901
996 867
959 909
922 962
948 924
958 930
998 895
923 979
915 998
955 947
962 948
1002 911
1047 881
770 1271
1140 838
906 1065
1103 882
1165 861
1057 943
975 1027
1033 977
1005 999
1014 1013
1056 1004
1022 1036
969 1122
1046 1045
1190 953
1093 1024
1146 993
1305 889
1085 1047
1091 1043
1026 1121
1094 1049
1149 1002
977 1208
1236 970
1220 984
1164 1035
976 1241
1114 1084
1100 1102
1133 1067
1153 1051
1043 1176
1170 1038
1108 1105
987 1249
1150 1072
1163 1073
1156 1079
1122 1116
1086 1179
1143 1101
1158 1094
1152 1099
1113 1167
1168 1103
1058 1222
1160 1145
1131 1181
1187 1123
1212 1129
1189 1166
1211 1159
1183 1185
1118 1232
1123 1242
1215 1198
1195 1211
1178 1225
1320 1061
1282 1130
1323 1078
1206 1216
1191 1230
1299 1118
1279 1174
1237 1214
1228 1235
1301 1206
1260 1261
1233 1276
1227 1277
1289 1264
1328 1254
1313 1270
1768137885 1772891979
1
sift 86
108 182
3 2
181 256
207 392
19 18
419 395
28 35
195 322
267 406
34 36
329 546
58 57
256 325
332 495
54 80
848 1071
72 70
292 336
701 698
59 83
65 94
509 675
658 787
70 89
97 117
482 780
626 839
122 124
129 120
600 712
743 685
104 156
121 173
721 635
535 1042
139 155
128 166
664 1012
655 867
160 144
151 163
663 1097
793 1103
163 179
107 334
707 1014
288 203
222 269
779 922
219 410
244 359
654 1162
238 375
229 402
874 1068
271 340
277 475
781 1213
342 421
398 423
950 1131
363 458
415 452
449 483
609 471
479 649
440 723
541 598
575 630
610 621
631 622
559 782
565 794
846 605
653 793
747 790
805 821
823 817
829 854
852 849
795 935
754 1002
821 1140
766 1227
769 1240
952 1011
1768137885 1838167405
1
sift 73
73 62
142 195
34 28
752 701
39 40
148 165
273 193
40 39
884 719
58 54
247 234
384 315
54 64
65 65
281 211
485 366
92 113
103 128
318 267
472 391
138 112
100 154
361 320
471 392
114 139
128 157
417 338
585 620
131 168
154 149
367 430
757 475
146 169
167 203
470 381
602 674
205 172
229 161
905 641
174 237
185 229
220 198
177 245
197 226
240 199
209 255
303 188
219 265
288 448
394 310
380 323
412 362
414 374
477 359
493 343
393 483
432 531
589 420
559 446
615 498
581 522
635 541
610 680
697 561
666 640
885 509
689 644
722 634
746 621
702 673
772 616
824 582
860 712
1768137885 1893867912
1
sift 85
73 59
142 179
18 13
19 11
80 61
273 204
28 12
39 26
148 145
486 235
34 30
40 35
245 117
471 328
54 47
66 51
281 181
640 281
62 70
60 99
246 197
472 408
92 101
103 109
318 254
585 522
100 122
138 95
361 285
757 431
128 113
160 94
367 352
602 615
131 157
146 138
417 329
154 140
187 170
470 341
229 139
205 164
167 199
174 209
185 201
208 185
220 177
197 214
240 188
203 244
209 232
253 193
303 184
226 249
210 266
294 230
257 296
295 298
288 338
376 255
356 326
414 319
412 325
449 356
477 337
393 410
390 423
382 473
432 468
435 485
559 377
589 400
581 430
659 383
689 519
697 512
666 564
754 533
772 569
722 613
885 513
760 673
759 675
789 674
898 663
1768137885 1894999866
1
sift 194
281 386
24 24
3 0
116 123
16 11
6 1
367 333
108 150
10 8
143 236
119 100
19 15
470 458
179 169
28 25
149 271
195 370
34 34
417 497
273 297
33 36
491 517
207 380
56 48
832 829
425 413
60 47
471 550
215 363
49 59
485 559
62 54
472 681
256 323
50 66
419 866
54 70
486 752
289 350
58 61
585 588
69 73
520 724
332 441
66 78
602 1099
72 75
905 1183
359 464
70 80
65 83
377 448
61 114
87 85
413 478
92 94
91 102
530 425
97 112
106 122
469 536
104 128
128 110
476 543
115 131
114 137
509 618
126 117
122 130
532 594
129 121
160 129
514 665
121 170
139 151
592 604
132 155
151 163
643 636
155 165
163 177
600 802
150 219
173 176
721 663
146 245
174 203
626 827
187 198
203 185
639 804
167 238
185 220
655 820
169 247
201 212
701 784
208 215
234 188
743 742
218 263
225 262
664 878
222 286
255 275
753 771
288 264
238 312
739 831
310 267
250 311
658 990
240 356
229 392
654 1073
271 329
219 455
725 967
303 382
276 421
682 1078
268 438
277 436
748 1065
346 349
282 460
779 1016
323 424
295 474
781 1092
363 434
356 439
841 1020
398 431
415 453
718 1333
393 468
412 470
874 1237
502 426
449 511
933 1182
461 534
473 580
950 1167
489 633
493 632
510 668
549 608
541 622
492 727
581 612
610 593
583 659
575 680
506 881
429 1136
631 645
559 794
565 860
649 763
596 875
653 822
846 619
722 744
623 912
687 825
708 785
791 725
582 1101
698 854
667 908
689 914
697 911
850 841
740 954
829 894
852 884
747 1023
795 977
821 959
866 927
797 1064
769 1161
835 1071
897 1002
927 993
853 1148
805 1251
774 1330
941 1145
957 1156
939 1262
952 1331
1768137885 1897946761
1
sift 226
26 13
24 18
3 0
73 86
12 8
6 2
80 92
153 77
10 4
116 121
16 10
19 12
247 282
108 144
28 21
142 156
90 93
33 28
470 421
143 207
34 32
149 245
119 99
39 31
417 485
179 192
56 34
273 316
195 348
60 41
491 511
329 433
49 49
471 520
256 277
50 50
484 735
425 373
63 43
485 549
207 362
54 55
755 609
472 564
58 52
486 699
289 318
62 48
832 716
585 560
59 73
520 651
359 387
69 64
602 981
70 69
757 806
332 411
72 68
905 1098
66 74
343 419
65 76
61 90
331 450
86 88
92 85
377 435
91 100
97 105
413 472
115 107
128 98
469 529
104 117
106 135
509 577
126 112
114 131
476 653
122 119
129 127
482 666
160 124
138 143
514 734
132 149
121 175
643 655
130 171
151 166
626 770
155 160
150 177
721 634
185 165
177 172
639 773
146 221
173 179
663 760
167 190
174 182
646 807
187 183
169 233
753 660
201 205
210 196
691 751
284 154
197 217
655 820
234 204
218 236
743 736
222 267
223 264
658 916
309 193
288 253
664 921
250 283
255 276
859 696
229 315
310 255
654 1160
240 300
219 398
748 1012
271 340
253 376
779 1053
276 361
303 352
781 1147
296 358
337 334
786 1173
268 437
346 345
878 1037
277 446
323 394
943 996
242 594
363 413
933 1111
335 471
432 386
874 1219
398 416
393 441
950 1152
412 447
415 455
376 501
428 466
464 457
516 407
449 509
461 516
473 550
493 542
550 513
477 612
488 605
492 621
499 606
429 780
541 591
549 586
532 618
580 580
583 608
606 584
610 589
575 652
631 615
559 746
591 766
596 789
565 874
653 771
687 724
722 685
623 863
609 903
791 650
685 792
622 918
649 881
708 784
768 725
763 737
582 1099
693 854
725 809
698 898
682 992
805 832
850 798
740 934
689 1025
829 855
697 1028
821 888
866 867
747 997
795 948
927 816
852 909
676 1224
841 956
835 984
797 1030
720 1186
798 1056
769 1117
897 975
774 1174
941 1065
939 1135
956 1145
952 1270
1768137885 2055436659
1
sift 157
45 29
24 15
3 3
883 710
73 61
6 4
148 127
116 117
19 14
245 149
28 16
281 184
149 103
34 35
246 207
39 26
316 290
142 115
40 33
361 286
43 36
491 296
179 209
54 40
484 352
52 46
470 374
273 201
61 44
755 638
59 55
384 269
65 52
70 60
486 252
66 63
62 75
471 334
69 66
91 67
485 332
97 79
92 93
472 343
100 90
106 86
531 419
103 99
113 97
640 341
138 102
133 106
681 499
109 146
160 107
757 459
129 125
128 129
585 717
131 155
146 142
905 609
151 141
154 132
173 164
208 130
185 173
205 161
187 179
174 188
220 157
200 177
229 160
203 198
214 186
193 214
219 205
253 183
209 221
226 216
240 204
270 199
303 195
238 225
250 234
321 239
257 283
288 268
295 292
389 257
379 272
400 271
412 303
390 317
398 323
467 289
438 309
415 333
393 357
355 425
462 338
477 335
493 326
480 344
449 373
430 401
439 393
465 413
523 370
432 469
517 394
508 443
500 448
572 378
541 407
518 457
501 489
559 426
516 475
589 412
581 437
615 420
551 490
649 424
631 445
659 450
635 473
595 522
711 439
817 464
624 623
610 664
697 547
754 526
747 531
734 539
802 520
772 534
666 618
722 560
685 613
689 619
789 575
759 598
801 593
708 698
812 612
824 610
731 712
806 684
858 659
860 668
846 685
850 693
898 672
939 652
940 697
1772891979 1894999866
1
sift 356
11 11
14 6
2 0
182 150
27 22
16 8
28 33
54 56
18 15
190 233
76 71
21 36
98 86
55 69
36 34
238 214
86 89
40 31
113 124
79 74
53 28
349 374
106 97
38 42
325 323
97 92
33 47
737 1111
189 182
47 43
322 370
146 154
58 53
959 869
273 193
61 52
345 394
176 164
59 59
1260 866
218 302
57 61
391 416
148 224
70 75
1109 1123
283 276
81 72
416 456
225 252
89 80
1080 1203
343 298
94 83
512 450
241 270
118 111
318 346
117 112
506 551
272 279
122 107
350 358
85 181
675 618
271 310
120 121
347 406
124 130
635 663
339 353
111 149
392 380
136 117
666 665
445 363
125 137
495 441
139 122
691 711
432 467
166 110
517 522
144 129
747 717
461 454
156 128
588 479
133 157
712 802
498 442
155 151
814 606
151 161
914 819
453 556
163 163
654 805
173 170
1047 762
491 515
170 183
685 742
179 177
1012 878
581 546
211 175
681 754
192 198
1097 835
582 557
201 191
876 600
183 227
922 1016
703 634
204 195
698 784
191 212
1181 886
661 704
195 209
764 766
180 244
1015 1037
731 801
200 213
839 827
217 208
1162 1073
751 786
209 241
867 820
229 211
1155 1128
777 790
257 197
787 990
221 245
1159 1127
803 852
203 264
892 880
235 240
1105 1170
837 870
249 234
902 976
228 250
1068 1237
801 917
240 239
977 899
222 268
1131 1167
848 873
251 253
961 1015
250 266
1213 1092
766 971
275 247
884 1290
261 269
1152 1194
924 843
286 259
1150 1119
269 286
1202 1244
895 909
284 284
1042 1272
288 295
1032 838
305 285
1167 1228
369 243
937 1086
281 309
320 280
1064 966
298 306
268 356
1036 995
295 325
324 324
1007 1048
380 301
340 329
1045 1013
326 352
365 319
986 1097
375 312
344 343
1209 982
328 375
346 347
1082 1239
355 355
323 419
1104 1201
363 373
360 376
1245 1106
378 366
412 340
1185 1217
413 335
327 465
1153 1281
401 391
387 422
1182 1278
390 430
415 401
1211 1271
408 415
419 424
434 397
423 431
541 349
410 455
458 434
475 436
484 453
435 518
469 487
329 792
477 483
507 469
563 438
502 480
537 460
499 499
483 511
509 492
606 445
534 505
526 510
543 519
474 581
508 568
521 552
576 509
592 512
542 584
548 613
560 605
571 608
494 745
607 599
621 593
598 622
605 619
629 616
545 778
622 645
695 585
608 690
634 666
600 725
721 596
630 680
1072 457
668 653
696 646
726 630
648 733
732 649
657 728
727 669
652 782
810 624
802 650
674 785
708 775
710 810
761 741
755 753
829 683
806 739
781 795
769 830
793 822
920 672
786 833
822 783
877 726
773 846
863 750
673 975
813 832
825 813
779 858
932 702
794 860
809 848
784 874
916 764
923 763
851 849
723 1009
838 891
885 872
1122 692
789 1024
869 923
1009 809
908 910
889 925
871 954
939 882
972 889
919 943
817 1152
1056 857
931 979
935 977
946 962
948 969
956 956
1266 730
881 1102
1024 935
951 1033
967 1007
1008 1076
1139 958
1038 1059
1088 1005
1090 1079
1186 1003
1048 1164
1079 1155
1001 1267
1046 1210
1027 1235
989 1277
1066 1216
1093 1204
1210 1130
1011 1331
1083 1293
1172 1205
1230 1144
1117 1269
1143 1265
1240 1161
1212 1221
1125 1322
1147 1308
1138 1338
1259 1301
1201 1339
1772891979 1897946761
1
sift 321
11 10
54 46
2 0
513 497
27 16
16 4
28 19
55 65
18 12
959 906
105 53
29 24
182 144
76 58
38 30
1080 1059
190 209
37 32
238 216
79 63
33 41
1110 1154
325 277
45 35
322 348
86 81
58 40
314 350
61 44
349 333
97 79
57 52
392 362
59 49
391 371
106 87
66 51
438 419
80 55
416 479
146 159
70 68
495 411
81 60
546 433
137 178
89 69
506 502
83 73
675 577
148 240
94 76
544 482
108 104
635 634
189 168
117 105
632 636
118 106
666 734
220 202
122 103
691 700
124 119
780 666
225 215
120 127
685 736
136 112
712 818
245 211
111 150
839 770
125 131
914 778
241 247
144 124
787 916
139 135
897 896
271 275
156 117
867 820
152 134
1097 760
272 287
155 142
866 982
151 161
1047 830
318 325
163 166
892 1057
160 179
1012 921
385 294
173 175
922 1053
205 158
1181 878
335 346
211 167
1103 880
192 183
1015 1020
350 329
200 176
1260 897
201 185
1155 1017
339 369
242 163
1042 1190
191 205
1051 1188
432 308
195 203
1105 1124
209 219
1159 1089
347 401
257 189
1078 1194
221 221
1131 1152
498 383
203 253
1068 1219
249 208
1162 1160
453 527
240 210
1213 1147
235 214
486 489
229 227
228 246
491 500
250 244
261 238
582 525
287 220
275 233
568 539
263 263
269 267
620 573
251 284
320 242
703 598
288 274
284 281
661 694
268 300
298 296
731 641
281 324
324 289
681 692
297 337
344 299
654 813
365 309
340 340
764 703
326 355
346 334
751 763
363 323
401 314
808 721
378 342
380 341
803 801
413 322
434 356
853 749
415 391
332 514
801 825
410 398
419 394
766 922
423 416
442 409
837 851
458 413
469 440
895 811
435 496
507 453
848 892
477 493
502 486
902 942
509 474
563 437
1032 804
483 509
606 408
924 962
534 478
520 510
1007 890
474 545
521 515
961 955
526 518
543 536
937 1027
542 537
471 625
1036 933
548 571
595 548
985 1084
571 586
576 582
1045 1035
494 712
616 569
1064 1034
598 591
621 589
1209 963
608 614
607 623
1150 1090
622 615
600 650
1084 1225
603 672
695 578
1167 1195
1072 427
630 652
1245 1107
668 626
648 709
1153 1216
732 629
657 711
1185 1201
652 757
727 656
1211 1254
674 784
806 647
802 661
746 732
773 707
742 783
781 747
920 630
649 952
793 771
877 675
785 787
825 756
769 834
779 833
810 803
863 745
794 874
916 731
821 832
813 850
822 835
723 999
838 854
854 855
735 1038
1009 733
849 909
789 998
908 864
889 901
871 934
931 871
939 853
923 881
799 1043
869 951
919 912
956 882
770 1177
796 1132
1056 812
948 924
935 948
973 898
981 936
1024 911
966 985
972 980
1038 977
1160 893
960 1198
1066 1049
945 1222
989 1180
1027 1181
1079 1141
1100 1110
1169 1078
1011 1270
1186 1096
1230 1051
1226 1072
1049 1267
1172 1159
1088 1241
1059 1276
1143 1211
1125 1239
1094 1261
1241 1116
1149 1235
1210 1206
1147 1268
1201 1278
1838167405 1863203546
1
sift 71
59 31
6 8
74 55
13 9
46 20
33 23
29 28
49 25
36 35
52 41
56 37
70 43
77 50
72 61
79 72
125 60
112 70
121 88
169 71
145 84
133 93
135 96
147 99
138 139
157 119
199 97
168 126
160 154
212 108
228 111
241 136
208 191
245 171
231 189
273 188
296 178
295 187
351 175
312 199
317 245
359 221
363 222
395 216
344 257
370 249
360 304
275 482
419 264
417 288
446 277
393 334
444 345
549 298
502 331
521 325
525 343
522 349
709 278
543 358
610 335
533 410
615 380
665 367
637 426
635 440
580 478
644 442
634 460
659 433
691 471
767 491
1838167405 1893867912
1
sift 357
24 22
10 10
0 0
58 53
74 69
1 2
81 76
116 102
3 4
95 78
171 158
6 7
260 227
194 169
8 8
277 217
214 216
13 11
426 417
251 200
14 12
490 397
319 258
16 13
519 471
322 304
17 15
572 575
357 347
22 20
645 571
385 384
21 23
646 579
431 348
23 25
681 626
473 393
29 29
468 360
28 30
493 428
40 26
527 541
31 31
555 551
33 32
591 479
38 34
619 555
36 37
717 489
42 39
669 532
41 40
733 531
44 42
741 677
49 45
52 44
46 51
56 43
53 49
64 47
57 55
65 52
62 59
70 57
67 58
72 60
66 64
73 63
69 67
77 71
80 65
83 66
76 74
102 73
97 85
101 81
107 80
108 86
109 89
110 97
112 95
123 87
113 101
127 99
114 105
121 107
128 109
125 119
131 117
138 115
135 123
136 121
140 131
146 120
145 129
157 113
134 147
152 133
150 135
163 128
148 141
155 137
143 155
161 139
159 143
169 138
165 145
164 152
187 136
162 162
168 157
176 149
173 161
172 164
175 165
177 176
184 174
212 151
186 175
179 182
213 160
188 184
195 179
198 177
199 188
210 180
193 204
201 193
232 166
202 195
227 178
219 186
215 190
203 199
204 206
231 191
208 212
235 194
229 201
222 210
233 197
226 214
223 221
237 209
241 215
257 208
242 230
296 185
218 255
239 242
258 224
254 231
255 232
253 236
263 229
261 237
270 223
282 213
265 248
267 254
256 279
294 240
306 243
295 253
302 256
291 260
285 272
280 280
290 276
313 265
301 277
314 267
286 288
303 281
316 274
345 257
309 286
317 284
307 291
320 285
336 282
324 297
327 303
340 290
352 287
343 307
360 292
403 269
372 299
338 329
364 311
370 310
356 316
341 336
362 325
366 321
374 319
359 337
404 302
413 294
393 323
382 330
358 358
392 328
381 341
384 343
377 350
407 318
383 345
363 364
365 367
379 362
297 454
412 346
410 359
448 338
430 352
425 355
406 366
419 361
396 389
450 357
391 408
411 382
416 379
488 339
400 399
442 370
424 383
497 340
418 391
446 377
420 400
465 375
464 376
471 368
449 404
443 412
421 443
445 429
467 407
460 418
514 378
470 415
476 409
618 334
451 447
463 437
483 410
475 431
428 481
492 427
538 385
505 424
523 413
512 438
486 461
491 459
434 549
522 430
518 435
542 432
521 450
534 445
563 434
531 468
509 513
515 504
444 652
513 523
532 496
502 565
556 464
540 484
657 411
670 401
481 603
510 576
524 517
539 503
553 492
580 466
551 502
633 449
569 494
554 506
566 500
581 486
496 627
564 509
561 512
596 488
642 460
579 507
504 649
543 592
584 548
597 545
593 554
620 522
702 455
688 465
601 567
599 572
607 568
644 519
588 583
616 569
550 629
637 559
592 594
625 574
640 564
549 661
769 423
609 606
656 570
649 591
663 577
698 529
634 613
694 550
711 544
676 584
632 640
659 609
709 556
626 654
682 595
559 707
651 636
674 615
706 600
665 642
667 639
605 699
610 695
655 672
691 651
685 664
750 612
707 673
751 657
749 660
723 670
713 678
627 719
730 676
704 703
737 686
736 701
759 680
756 718
1838167405 2055436659
1
sift 211
58 53
6 8
74 70
42 28
8 10
171 158
13 14
194 229
67 59
17 18
322 325
21 38
357 405
62 61
29 22
431 365
28 35
473 432
131 149
33 32
493 460
40 26
619 468
165 127
38 34
527 542
34 36
654 633
211 184
44 41
719 709
51 43
234 206
52 44
49 50
286 265
64 40
56 47
309 296
46 63
65 52
320 286
72 58
69 66
319 287
77 67
86 74
373 270
66 103
107 91
381 374
123 81
127 80
591 492
121 89
113 93
670 538
112 102
122 106
565 637
128 99
139 96
136 100
143 121
147 124
148 131
159 119
150 134
157 129
164 156
169 142
161 160
168 155
162 164
172 161
175 171
184 163
198 157
212 138
187 170
223 151
189 182
179 185
242 146
188 195
186 199
177 203
205 178
201 183
193 201
229 173
199 204
215 196
204 213
226 200
237 188
218 219
231 215
240 217
265 205
254 214
220 241
255 221
249 225
239 234
270 255
245 300
348 224
280 258
298 271
365 248
315 269
327 273
383 250
336 274
340 280
307 312
303 341
384 275
324 321
360 302
362 303
334 330
400 277
343 326
356 327
377 315
448 268
359 335
366 332
370 338
404 309
394 329
392 334
391 343
418 311
465 288
407 337
382 377
447 316
413 353
439 333
396 388
449 354
411 392
442 385
483 357
420 412
402 449
444 413
446 426
424 450
502 391
498 420
497 434
470 452
475 459
517 431
523 417
471 480
486 476
522 437
556 422
531 469
521 484
538 462
540 466
515 495
541 473
599 443
513 516
539 490
532 501
580 464
592 463
750 394
602 493
739 419
579 524
621 505
561 547
504 650
616 534
667 500
677 520
634 560
684 530
709 513
736 497
524 683
582 610
551 669
613 606
688 551
641 609
706 557
640 618
644 619
651 639
689 626
680 664
665 678
742 628
712 668
723 653
758 629
735 686
737 691
759 676
694 713
761 693
1863203546 1893867912
1
sift 61
156 220
9 11
365 571
21 16
23 32
25 45
35 37
37 43
41 44
43 57
61 60
70 95
65 130
86 94
71 138
84 129
108 151
74 255
160 118
97 188
126 157
154 142
178 185
189 191
191 212
224 205
187 253
205 268
306 241
221 337
249 310
247 316
222 364
305 293
237 355
264 361
277 377
333 324
214 524
278 556
307 480
349 430
331 565
410 495
454 469
376 560
442 519
425 558
367 642
409 607
433 609
385 687
482 630
471 651
490 619
462 663
402 712
495 621
446 703
458 702
492 690
1863203546 1955067201
1
sift 114
13 6
31 15
9 2
122 82
102 63
23 13
281 175
427 247
25 14
399 184
406 256
42 17
41 18
47 26
60 22
59 31
66 30
71 28
70 36
69 38
62 59
75 42
72 54
76 52
83 53
90 50
92 47
97 64
108 69
107 76
119 81
151 70
112 85
99 97
147 86
223 67
133 98
136 96
159 91
117 142
176 103
186 99
172 119
193 111
214 104
179 140
204 134
206 133
225 125
219 132
220 135
209 144
222 138
212 147
221 148
261 151
266 149
243 158
253 157
240 179
229 196
269 166
249 182
277 165
262 170
286 167
299 187
317 171
264 212
267 214
279 210
315 183
234 266
251 267
309 198
323 200
320 205
297 236
321 237
326 246
333 248
354 222
357 221
351 226
324 280
362 225
339 276
378 244
361 285
390 264
388 278
411 253
387 286
385 299
377 305
395 293
423 275
464 250
448 281
408 319
381 349
440 321
445 310
424 332
418 340
491 272
462 312
485 296
499 269
442 352
467 346
470 351
454 359
497 337
1880922669 1921974468
1
sift 235
700 997
41 34
7 7
70 69
39 36
11 12
1410 1545
90 123
26 29
124 155
122 163
31 40
196 205
61 49
200 204
121 164
55 56
190 225
54 60
229 231
179 193
52 62
254 274
62 78
271 301
215 223
68 96
290 396
78 84
502 759
236 227
77 92
374 325
75 98
1048 1115
247 224
86 85
723 624
81 104
1228 1487
305 218
91 109
785 1209
87 118
1293 1627
251 278
89 128
926 1093
94 139
375 277
102 130
110 144
291 354
139 137
115 159
301 393
113 175
123 169
448 494
119 221
198 166
458 591
152 222
183 195
527 529
214 174
202 250
508 610
226 238
218 246
506 672
266 208
213 252
559 618
225 253
203 304
542 637
242 285
238 288
526 693
235 303
268 273
642 560
288 262
292 257
496 834
281 286
250 359
641 648
237 387
252 347
607 769
294 317
309 295
754 641
311 336
319 330
673 706
338 322
366 311
755 676
386 320
323 405
807 695
355 390
382 366
714 792
354 397
351 433
760 775
488 329
467 437
812 781
442 454
453 462
710 951
451 467
423 551
797 915
439 550
469 553
914 831
494 558
528 526
685 1135
454 621
483 600
825 973
474 620
556 542
940 847
540 597
637 504
802 1089
549 605
457 755
976 1018
664 510
622 562
945 1065
427 918
618 601
960 1037
636 626
620 696
899 1129
629 697
682 652
909 1186
658 691
587 819
898 1254
628 812
596 886
1073 1067
617 883
688 760
1050 1106
735 727
758 714
1192 1009
772 729
579 1098
1185 1016
855 741
762 891
1025 1200
863 788
767 900
923 1458
777 903
798 902
833 1654
800 928
801 942
994 1378
738 1066
854 955
1165 1142
925 877
869 960
1079 1317
1057 774
844 1024
1277 1114
846 1079
1143 784
1128 1382
809 1213
1194 815
1205 1373
793 1356
942 1134
1093 1587
974 1100
946 1147
1217 1457
1034 1044
1042 1033
1361 1321
1166 944
931 1277
1137 1624
1148 1047
1010 1215
1222 1611
1116 1140
1101 1169
1408 1386
1123 1162
1272 1046
1336 1609
1213 1108
929 1556
1362 1646
1314 1059
1184 1167
1310 1680
1074 1350
1255 1149
967 1575
921 1661
1275 1163
1089 1460
1193 1345
1224 1414
1237 1448
1287 1410
1347 1459
1268 1629
1412 1496
1433 1591
1406 1650
1449 1461
1349 1689
1880922669 1994239242
1
sift 97
10 18
0 0
23 23
253 311
12 8
199 214
33 29
39 28
448 592
44 38
553 536
53 33
122 125
744 746
55 54
926 1123
84 77
121 165
755 816
81 85
1293 1514
311 41
179 180
760 860
139 102
113 153
209 218
923 758
214 156
181 201
245 221
797 954
152 257
226 224
215 264
914 865
238 230
247 236
236 259
714 1152
451 462
260 229
305 225
945 891
640 372
291 260
381 296
825 1138
494 588
452 467
458 672
976 1031
469 740
559 548
642 487
909 1139
637 715
575 590
527 681
1073 1334
587 770
542 726
607 625
1185 1608
616 837
641 593
526 887
1400 1710
599 885
710 766
807 822
579 985
940 859
812 999
956 1028
802 1049
898 1465
1143 889
946 1246
994 1305
801 1617
1070 1169
1209 1581
1101 1302
1021 1547
1310 1483
1116 1417
1148 1749
1277 1524
1351 1559
1205 1666
1061 1943
1093 1945
1408 1442
1361 1542
1368 1597
1217 1909
1880922669 2116623478
1
sift 433
148 152
70 74
7 7
240 268
23 25
11 8
261 254
76 76
13 12
290 325
107 111
20 16
364 364
279 79
19 22
403 427
121 164
22 23
495 526
200 175
26 27
433 408
191 183
30 28
671 723
229 200
31 32
743 725
245 185
39 34
699 753
196 279
40 37
695 780
209 215
38 42
764 813
271 233
44 46
666 870
215 245
50 47
701 1108
253 293
54 45
650 959
260 253
55 49
913 895
394 440
61 51
725 1018
247 307
64 60
941 901
502 449
60 64
1177 1246
291 262
63 67
1280 1306
593 595
65 66
1393 1244
341 399
62 70
679 551
75 71
1350 1382
371 407
68 80
723 664
71 77
1371 1444
395 390
74 78
783 1006
78 84
527 647
77 91
739 1096
81 93
643 712
86 96
926 1194
91 99
660 792
89 116
1293 957
113 94
766 918
94 115
1228 1635
106 109
807 894
102 125
110 139
1207 755
111 141
115 142
899 1025
136 131
117 148
1025 1313
139 133
155 129
833 1641
122 150
152 137
1137 1269
143 145
123 160
1233 1242
119 166
157 149
1344 1319
128 172
134 190
1310 1578
159 180
163 198
1408 1500
185 176
183 178
198 173
179 196
180 223
186 222
181 235
220 207
218 208
203 230
213 219
202 232
242 206
226 227
241 214
266 188
236 226
224 261
235 266
238 269
197 313
246 278
259 263
305 220
283 249
258 285
296 240
255 296
292 271
214 382
281 289
312 274
297 291
262 350
309 292
250 400
280 342
294 308
295 322
356 283
286 345
383 273
319 318
366 302
311 346
322 340
343 326
285 421
345 352
370 358
323 410
525 284
327 417
269 620
320 430
355 388
381 375
357 396
347 419
340 438
446 327
351 432
377 405
405 370
354 435
409 431
430 418
467 398
453 420
397 514
423 473
447 445
416 484
513 403
459 468
451 485
481 464
497 446
443 496
545 434
469 509
448 534
461 557
457 567
479 549
496 524
509 532
483 566
614 452
681 406
498 585
544 539
535 550
490 601
533 564
542 554
529 589
530 597
506 622
528 614
474 681
458 702
540 618
429 759
517 642
555 609
556 608
560 604
508 678
575 602
554 641
646 553
494 729
486 749
667 541
640 578
549 696
787 511
578 684
442 932
831 497
636 630
570 714
515 774
587 711
634 654
492 873
629 672
750 593
664 644
621 699
635 688
639 690
526 888
682 665
547 937
625 769
658 732
607 802
617 803
631 787
595 853
704 717
641 773
878 628
676 741
663 752
956 594
755 691
596 880
630 815
602 871
536 1049
665 808
720 761
710 775
791 730
714 783
697 801
633 960
653 909
747 789
685 861
744 814
754 811
716 850
678 900
618 1054
719 869
760 841
706 913
738 883
800 820
770 854
767 878
762 899
797 885
917 765
782 920
808 905
940 778
914 798
616 1262
758 990
812 922
909 819
730 1031
801 946
820 934
688 1078
879 875
854 916
875 908
827 977
830 987
855 976
921 889
1054 770
925 902
987 837
822 1030
945 931
844 1037
860 1029
951 929
846 1057
862 1050
906 1005
876 1059
847 1084
1020 907
935 1011
942 1008
1002 948
1019 941
834 1135
993 1019
898 1141
974 1061
896 1144
895 1165
977 1076
886 1215
929 1156
905 1204
957 1134
777 1441
931 1184
964 1157
780 1523
1173 994
976 1171
880 1344
1022 1128
990 1168
968 1210
1326 915
962 1239
949 1279
1123 1087
1215 1036
1027 1220
1213 1053
1184 1066
1080 1167
994 1293
967 1343
1166 1094
948 1411
1093 1196
1101 1179
1109 1174
1143 1176
1053 1301
1074 1273
1126 1211
1061 1294
1133 1224
1116 1248
1232 1133
1265 1120
1047 1362
1148 1252
1165 1243
1189 1214
1095 1336
1043 1403
1254 1178
1411 1064
1127 1367
1012 1568
1292 1203
1065 1469
1192 1314
1185 1324
1412 1119
1100 1497
1159 1419
1194 1386
1106 1525
1144 1483
1224 1379
1239 1369
1141 1503
1193 1435
1262 1368
1311 1339
1098 1602
1209 1473
1217 1460
1277 1388
1257 1431
1287 1432
1302 1423
1182 1598
1349 1398
1238 1560
1362 1437
1251 1581
1336 1490
1322 1542
1444 1326
1323 1565
1385 1488
1268 1610
1347 1539
1291 1621
1351 1593
1418 1558
1314 1651
1433 1586
1893867912 2055436659
1
sift 261
53 53
68 69
1 0
93 92
38 29
6 7
158 158
8 10
304 325
58 59
11 14
258 287
12 16
348 365
59 61
14 17
347 405
26 26
392 433
62 71
28 23
394 442
23 38
428 460
117 149
32 32
479 492
36 25
555 468
145 127
30 35
541 542
34 34
578 634
144 165
33 39
42 41
163 152
47 40
43 47
181 184
44 44
50 46
196 206
49 48
45 50
226 231
52 52
51 63
288 265
60 58
56 60
285 286
74 49
67 66
286 296
71 67
70 75
341 374
64 103
87 81
358 379
99 80
80 91
453 372
107 89
101 93
487 538
95 102
94 107
508 637
98 111
115 97
667 636
109 99
121 100
113 129
104 176
110 159
137 125
142 118
134 133
140 132
138 142
155 121
130 166
139 160
136 170
148 150
152 156
160 141
157 155
185 130
162 164
164 161
177 157
165 171
161 177
124 220
173 162
170 179
221 151
182 185
175 199
203 168
192 174
230 146
184 195
193 183
176 203
201 173
189 197
188 204
209 188
204 201
191 215
214 200
206 213
244 198
187 241
248 205
231 214
211 236
232 221
233 224
240 228
255 219
242 234
223 255
234 251
261 281
280 258
380 222
282 274
290 280
303 273
345 250
295 284
273 310
298 292
367 248
309 293
292 302
338 268
291 312
343 275
306 304
302 309
281 341
297 321
325 303
307 326
294 353
310 338
316 327
300 358
324 329
317 336
321 332
374 289
328 334
350 315
337 335
399 277
308 380
365 307
421 276
376 320
330 377
391 311
314 409
356 373
372 362
344 397
423 317
353 403
362 393
369 384
408 343
333 440
404 354
410 357
389 388
382 392
377 426
400 412
383 450
364 479
413 417
368 480
497 368
385 462
425 428
430 437
415 452
418 451
431 459
463 423
492 410
442 457
565 391
473 435
436 493
510 430
470 455
450 484
466 464
461 476
612 394
468 469
484 466
481 475
572 443
474 509
503 490
652 413
495 502
504 495
594 463
465 551
507 524
523 516
448 581
561 505
574 499
556 513
533 526
641 467
512 547
593 504
524 540
605 498
569 534
584 521
485 594
639 500
536 567
560 573
600 557
519 619
502 669
701 497
613 560
564 618
630 559
517 683
674 575
576 700
636 639
675 598
649 650
522 717
642 678
670 653
663 672
689 656
702 643
680 676
686 691
679 697
709 704
1894999866 1897946761
1
sift 734
24 18
6 3
0 0
30 23
14 8
1 2
82 59
22 16
8 4
84 77
50 37
15 12
98 101
46 39
20 11
123 121
64 54
17 15
147 125
67 57
28 17
171 156
86 93
25 21
150 144
71 58
31 22
169 192
101 97
32 25
214 216
89 81
35 26
236 207
100 99
38 27
233 209
97 87
39 28
204 251
237 232
41 31
271 245
99 91
42 30
278 231
273 241
45 33
293 252
159 155
44 35
297 316
299 271
48 34
362 272
143 202
47 41
348 330
323 277
53 40
342 280
182 168
51 43
458 421
354 298
52 44
374 333
249 218
55 42
446 432
350 318
54 48
444 448
298 301
56 46
497 485
371 313
60 45
501 410
346 325
61 52
517 511
369 349
66 50
555 494
358 329
63 51
550 520
380 362
70 55
559 549
381 372
69 65
738 444
408 354
72 60
670 480
416 371
73 64
588 560
412 374
74 63
587 555
406 401
75 68
631 563
491 335
80 69
681 564
420 406
79 72
667 622
447 379
78 74
724 651
464 387
87 62
735 678
440 412
83 76
693 680
448 435
90 78
720 717
477 436
92 79
714 691
479 443
93 84
705 740
456 479
96 88
752 699
478 472
102 100
751 701
528 426
106 102
769 719
503 466
114 90
816 727
551 502
110 98
829 716
547 504
107 103
855 735
536 529
112 105
756 860
566 543
111 106
896 870
541 572
108 111
866 897
508 635
115 109
869 906
582 562
127 108
937 869
611 575
117 112
1258 826
543 653
131 107
988 1070
618 577
120 118
1099 981
687 583
128 117
1146 957
594 618
130 119
1107 1005
629 643
119 130
1051 1055
535 749
121 127
1122 1154
636 655
129 124
1203 1059
663 634
122 135
1183 1098
662 687
134 126
1280 1209
684 658
138 120
661 705
136 132
682 671
142 133
665 734
140 136
655 722
174 116
711 700
145 141
781 631
151 142
771 660
149 150
595 902
168 140
742 736
156 146
754 692
160 145
719 769
152 152
766 703
155 149
777 754
148 163
834 695
154 159
768 772
157 169
803 774
161 161
806 786
163 166
864 715
165 160
818 777
166 171
835 760
175 167
827 770
170 175
676 929
194 158
762 830
207 154
805 813
179 174
802 818
225 153
808 819
181 184
820 820
220 165
926 728
190 186
815 894
198 183
868 839
196 188
861 877
203 182
886 878
213 176
931 831
188 204
967 809
199 193
877 920
192 198
928 913
202 197
1027 840
219 177
960 905
208 187
939 945
189 211
924 964
230 181
990 916
209 203
976 942
212 205
880 1057
221 199
1015 955
238 190
1049 971
231 196
1020 956
234 208
1037 1020
229 212
1078 992
211 227
1067 1003
239 210
1065 1012
235 217
1016 1053
240 214
1074 1014
241 219
963 1156
224 240
1091 1026
245 221
1128 1017
252 215
1138 1023
218 256
1047 1106
260 213
1134 1032
247 233
1139 1040
250 246
1096 1081
263 236
1143 1063
251 254
1119 1090
256 248
1127 1089
269 238
1073 1160
266 244
1092 1147
264 253
1169 1066
270 247
1182 1111
265 257
1166 1133
210 294
1170 1124
267 255
1137 1183
255 268
1167 1152
280 242
1229 1085
253 284
1191 1142
296 237
1178 1138
292 262
1177 1161
308 229
1176 1164
286 267
1142 1221
303 239
1274 1083
275 276
1214 1182
284 281
1329 1033
295 274
1172 1212
279 287
1232 1169
310 275
1247 1163
311 283
1227 1196
305 293
1272 1190
304 295
1207 1240
289 332
1237 1219
306 296
1255 1218
320 288
1240 1256
324 289
1257 1250
317 305
1288 1226
301 341
1284 1236
309 324
318 310
343 299
337 303
356 300
321 336
338 317
331 320
357 304
335 322
326 344
334 331
329 340
332 338
355 326
347 334
349 345
373 323
341 353
391 314
366 342
352 355
353 369
382 352
388 351
398 343
339 397
365 377
379 375
397 356
395 370
411 357
384 389
404 367
467 308
401 391
410 386
418 396
424 394
442 383
426 420
431 416
434 413
455 398
445 408
438 437
457 427
476 405
452 456
468 441
532 384
466 452
470 447
473 446
469 453
487 440
481 459
493 445
485 464
489 469
480 486
502 461
483 493
492 474
521 467
504 477
474 533
525 471
500 513
514 490
518 496
515 500
513 506
511 509
529 495
506 521
510 518
490 559
527 526
534 516
519 536
590 473
552 515
524 551
539 534
557 525
556 527
603 487
562 532
569 538
509 582
586 528
572 546
584 537
580 550
581 545
553 568
579 570
632 542
585 578
574 597
544 640
613 571
593 589
612 581
596 592
608 586
622 591
599 623
627 600
634 598
635 593
623 617
633 604
617 638
601 657
639 619
644 616
659 608
653 626
507 895
597 710
695 595
673 627
701 606
672 630
689 613
542 837
650 661
715 601
637 674
647 668
664 649
731 594
669 656
727 621
680 652
710 633
716 637
725 650
739 647
624 803
709 686
704 694
726 675
691 714
746 669
757 662
801 641
744 685
703 741
732 708
728 711
722 721
905 590
745 712
796 690
764 731
775 718
712 781
750 745
790 730
723 796
809 733
825 724
794 746
851 689
782 757
786 763
800 750
846 707
799 761
823 743
609 1019
813 756
785 784
821 755
970 625
812 779
822 771
743 859
817 802
780 821
850 766
783 835
836 793
837 791
763 881
789 848
841 798
838 804
824 822
852 801
830 834
857 812
832 850
840 827
875 789
871 814
858 833
909 811
870 851
918 805
919 799
859 875
872 865
904 829
882 853
854 898
891 854
901 845
917 825
894 855
892 857
1097 702
873 892
910 864
912 863
848 947
965 816
884 909
843 962
915 884
927 867
902 915
946 862
932 887
895 937
925 901
956 882
897 950
979 871
935 911
958 889
943 912
1136 780
951 908
888 979
923 951
1148 787
1083 817
945 930
971 922
954 934
969 924
986 931
921 1000
977 948
1048 890
1011 918
995 933
911 1028
914 1025
949 988
1001 943
982 963
933 1024
952 1022
1200 844
1002 975
1007 986
989 1011
966 1034
1035 978
1061 966
1063 970
1009 999
955 1068
1023 997
1059 977
1071 984
1104 958
1052 993
1013 1035
1075 1013
1025 1044
1030 1047
983 1118
1064 1030
1054 1036
1003 1096
1086 1027
1160 974
1152 1006
1069 1094
1105 1054
1095 1077
1039 1151
1114 1067
1144 1051
1094 1105
1090 1109
1101 1099
1131 1073
1145 1065
1115 1102
1106 1107
1120 1101
1151 1069
1087 1166
1117 1144
1164 1079
1005 1241
1263 1004
1159 1103
1192 1060
1216 1049
1242 1029
1031 1232
1161 1117
1155 1141
1162 1130
1156 1146
1165 1129
1168 1122
1181 1121
1102 1208
1238 1087
1130 1206
1202 1123
1223 1127
1205 1159
1213 1175
1292 1082
1262 1135
1233 1176
1217 1201
1235 1181
1185 1215
1249 1185
1196 1220
1236 1214
1199 1245
1276 1179
1265 1211
1250 1227
1212 1259
1206 1274
1281 1216
1330 1174
1268 1252
1154 1280
1271 1254
1296 1233
1307 1228
1305 1244
1309 1242
1321 1237
1315 1249
1322 1239
1308 1268
1326 1266
1318 1271
1331 1270
1339 1278
1340 1284
1897946761 2055436659
1
sift 58
18 15
32 35
494 286
55 40
101 62
73 55
421 374
74 63
121 117
100 67
740 523
105 79
156 115
131 96
124 107
192 209
143 102
127 125
231 202
145 145
160 131
316 201
166 141
171 151
520 334
187 156
221 142
549 332
183 179
228 174
699 281
217 200
300 204
564 343
253 268
357 248
727 392
447 303
578 271
806 459
536 311
542 326
560 717
477 391
509 373
1070 519
524 384
591 408
1098 609
581 437
746 426
1153 616
881 424
589 664
1275 691
792 613
997 531
1025 619
1921974468 1994239242
1
sift 296
531 643
43 28
7 5
100 81
57 40
11 8
1141 1740
66 57
29 25
154 114
294 311
49 22
1397 1694
163 125
44 27
181 165
319 324
48 41
1627 1514
193 180
54 37
218 225
423 356
64 50
224 236
63 53
237 233
465 402
83 48
227 259
84 62
254 276
305 755
85 60
354 260
86 65
289 375
422 482
67 90
371 409
78 89
544 371
494 592
90 83
539 479
98 75
559 488
678 730
107 78
481 599
104 85
507 577
610 836
99 93
563 604
117 77
618 548
676 816
109 103
529 681
137 102
591 672
651 899
145 98
648 593
170 92
637 726
735 840
119 164
540 882
127 149
702 737
775 860
130 147
695 822
135 144
693 887
831 865
146 131
857 809
152 157
847 859
1021 793
200 118
1129 719
175 153
830 925
1176 746
174 156
781 999
187 159
970 838
915 954
189 170
792 1152
172 184
1244 788
871 998
217 192
1065 891
208 202
1089 1049
876 1023
230 191
1018 1031
206 210
1093 1123
952 1147
229 208
972 1137
241 207
1106 1231
808 1459
238 224
1186 1139
222 257
1128 1222
1067 1334
243 231
1080 1437
255 241
1034 1597
1016 1608
262 232
1174 1374
285 227
1113 1523
1248 1455
288 230
1367 1205
295 237
1275 1307
1653 1249
252 292
1138 1543
270 283
1378 1305
1306 1822
261 293
1254 1465
259 297
1407 1359
1251 1925
269 288
1142 1753
291 268
1386 1442
303 270
1321 1542
302 275
1325 1584
286 287
1247 1774
282 307
1317 1730
322 269
1373 1666
369 255
1517 1799
292 320
1680 1483
355 290
1457 1909
304 391
1587 1945
317 376
1638 1888
358 337
383 346
346 390
399 363
380 383
349 439
407 381
353 453
390 415
341 484
406 419
476 359
356 518
418 449
417 457
457 411
447 470
387 598
435 501
467 462
512 455
506 466
501 510
510 511
433 645
458 587
516 519
524 524
485 591
557 550
580 532
515 602
558 588
613 605
724 509
468 782
600 653
546 722
553 740
873 492
609 721
604 729
691 702
782 657
688 732
576 913
597 888
562 949
752 728
836 684
958 654
736 790
687 890
596 1120
819 770
659 975
734 853
788 807
768 823
1023 725
667 1075
784 889
957 794
754 976
900 846
713 1162
963 847
890 928
867 959
895 970
1025 845
673 1454
925 1015
1116 844
899 1073
770 1314
937 1094
966 1058
960 1084
852 1212
928 1157
1098 985
1069 1004
1230 897
1011 1106
1052 1061
962 1193
931 1315
1032 1258
1050 1312
942 1617
1146 1255
1068 1385
1232 1192
1419 1059
1169 1302
1140 1417
1134 1434
1581 1022
1189 1358
1300 1270
1047 1749
1005 1903
1217 1473
1406 1243
1187 1520
1476 1191
1286 1403
1070 1813
1143 1664
1460 1266
1308 1450
1246 1744
1179 1936
1459 1579
1371 1748
1494 1681
1426 1797
1383 1861
1572 1711
1328 1967
1428 1911
1479 1880
1555 1873
1671 1678
1343 1983
1523 1977
1413 1990
1682 1981
1921974468 2044755424
1
sift 133
57 31
49 21
193 145
305 341
44 26
218 184
53 27
237 188
678 635
63 56
227 211
83 52
278 256
768 708
94 87
294 269
104 83
354 225
841 674
117 79
289 355
137 78
319 258
770 782
175 113
371 282
135 148
277 468
963 639
189 137
422 366
161 193
494 354
736 856
206 194
507 446
238 178
618 385
893 706
262 186
591 454
288 207
563 539
1069 589
273 257
539 566
291 270
648 498
842 771
304 417
637 532
476 328
677 531
890 749
467 383
610 659
501 470
676 667
1116 784
699 356
706 729
577 449
693 793
871 1116
558 469
775 699
524 595
831 756
966 996
756 506
781 818
687 572
847 751
1189 821
604 676
792 926
733 552
1176 625
1146 886
782 561
1018 748
819 673
915 893
1143 1091
895 854
1135 725
811 1023
1065 817
1302 990
1052 801
1016 885
931 937
972 932
1187 1264
1286 716
1037 864
818 1236
1034 880
1384 1278
1169 994
970 1019
1056 1169
1106 984
1306 1577
1140 1120
1009 1115
1460 1026
1067 1034
1476 1012
1080 1024
1358 1177
1089 1135
1351 1214
1113 1096
1371 1424
1254 989
1128 1142
1138 1130
1272 1041
1174 1151
1186 1141
1407 959
1378 1014
1321 1155
1247 1258
1275 1404
1341 1333
1325 1380
1373 1317
1243 1604
1457 1397
1517 1399
1611 1580
1921974468 2116623478
1
sift 453
68 63
43 34
0 0
70 72
41 43
1 2
69 74
66 61
5 4
396 325
103 92
7 7
115 110
100 111
12 8
572 408
154 127
16 21
204 175
163 150
29 27
486 676
181 164
32 28
226 183
193 196
37 29
658 747
231 200
30 36
300 234
218 220
40 32
820 930
224 307
39 33
363 250
227 226
48 42
887 1044
354 262
54 46
379 478
237 252
49 51
1002 949
325 294
56 49
520 440
299 344
60 45
988 975
391 365
58 53
997 754
326 312
61 62
954 1018
374 407
71 68
943 1039
289 434
78 70
1190 1126
491 399
75 77
1000 1083
423 402
80 78
1605 959
540 535
81 86
1627 957
422 421
84 84
529 647
96 80
1397 1265
494 534
85 96
559 712
91 88
1551 1216
507 581
90 89
624 664
92 91
1487 1635
637 554
111 83
695 894
104 93
591 702
102 101
1243 868
109 99
610 678
112 97
1197 918
107 118
563 733
105 124
1129 1025
117 113
672 622
131 105
1029 1270
135 112
618 707
128 116
1200 1313
130 125
702 668
138 114
1624 1269
136 135
677 684
137 133
1386 1500
152 121
676 691
145 132
1680 1578
140 140
706 701
144 139
1654 1641
175 126
648 773
146 149
150 143
641 811
159 142
153 156
693 888
162 146
125 216
769 802
169 160
190 148
792 783
160 169
172 161
775 841
166 173
222 137
847 778
207 162
195 178
831 798
194 179
187 193
1001 741
167 211
197 180
781 922
170 212
221 166
951 775
147 277
208 188
915 885
240 171
192 225
1021 844
171 274
228 213
1176 814
246 208
233 229
1135 861
238 227
230 241
1186 819
234 239
259 204
1065 931
252 219
250 232
1244 936
268 231
285 206
1018 1171
270 251
267 258
1180 1084
256 270
263 273
1009 1314
304 230
306 242
1016 1324
273 282
287 261
1596 877
260 299
288 269
1254 1141
303 266
286 289
1317 1139
271 306
295 292
1113 1389
296 295
355 264
1174 1329
344 278
310 301
1341 1283
317 308
323 321
1275 1446
330 318
340 317
1587 1196
358 313
336 346
1457 1460
331 355
362 330
1608 1489
357 340
346 349
1646 1437
337 357
343 366
341 372
291 455
319 411
406 356
381 378
359 400
388 379
366 422
390 388
445 348
405 410
397 435
369 479
437 398
433 432
440 430
455 413
448 429
377 556
462 420
412 500
305 731
684 311
447 443
467 485
461 525
502 492
535 486
488 523
503 514
551 473
524 507
553 509
479 612
519 569
580 546
526 614
594 552
518 628
542 608
510 644
600 566
638 527
602 575
528 669
597 618
577 648
604 626
667 587
622 632
626 630
651 619
459 859
558 729
620 681
755 567
656 650
605 696
606 703
613 693
556 762
799 570
663 659
940 520
779 607
697 672
687 682
691 732
707 730
679 797
709 768
603 970
987 633
819 711
710 794
802 738
644 935
703 830
858 717
958 671
601 1054
765 779
946 720
861 785
747 891
714 990
986 745
883 803
753 939
1091 694
741 976
772 944
908 822
653 1153
914 828
928 820
886 880
900 878
877 902
891 899
1130 736
756 1056
918 900
1098 757
829 1013
760 1078
855 1000
955 916
758 1092
869 1005
1055 829
942 946
1208 756
822 1081
1066 883
784 1176
1151 843
878 1100
754 1284
949 1060
945 1062
1276 824
944 1094
1052 1015
1024 1037
1207 911
1112 1006
941 1166
1122 1016
1134 1008
1287 897
815 1386
1079 1057
1226 956
1258 927
1100 1061
1108 1053
1039 1098
1177 1007
1211 1003
879 1374
1336 925
1019 1170
1027 1186
1060 1146
1359 972
1167 1066
992 1302
917 1422
1388 960
1161 1086
1099 1172
1124 1140
950 1391
1238 1063
1047 1252
1307 1033
1279 1049
1248 1065
1164 1127
899 1562
1150 1160
1057 1286
1179 1144
1169 1179
1406 1040
1140 1248
1383 1059
1194 1182
1661 889
1192 1193
1250 1173
1035 1419
1253 1190
1277 1184
1222 1245
1111 1402
1175 1339
1334 1237
1137 1477
1324 1275
1496 1119
1358 1259
1472 1150
1350 1273
1558 1110
1289 1330
1268 1365
1328 1322
1282 1380
1206 1464
1556 1156
1127 1618
1529 1225
1475 1268
1380 1359
1477 1310
1345 1435
1414 1379
1616 1220
1426 1375
1425 1390
1365 1494
1410 1432
1231 1621
1415 1440
1575 1343
1419 1512
1431 1502
1456 1478
1584 1371
1312 1634
1534 1443
1563 1425
1459 1539
1669 1340
1660 1376
1621 1497
1606 1515
1583 1568
1591 1586
1686 1355
1518 1640
1629 1610
1689 1398
1539 1657
1994239242 2044755424
1
sift 529
28 28
40 31
5 3
68 25
272 219
6 5
125 125
324 258
13 13
180 145
442 286
22 21
225 184
389 279
27 26
233 188
366 441
32 27
259 211
356 371
38 34
260 225
500 396
44 36
296 231
482 366
39 45
378 221
755 341
45 39
409 282
592 354
19 106
375 355
579 636
46 47
414 337
619 503
49 49
467 388
721 558
48 52
548 385
720 596
53 56
590 410
730 635
54 55
557 462
804 548
61 60
577 446
899 597
70 75
479 566
743 600
67 82
593 498
847 639
76 70
562 531
746 625
74 74
594 499
767 754
77 79
672 454
816 667
85 83
625 515
823 708
89 94
604 539
836 659
106 88
726 532
880 685
101 91
766 568
860 699
93 116
772 677
914 689
138 97
859 751
865 756
133 108
887 793
843 771
128 118
945 847
862 835
153 113
891 817
790 856
173 102
999 818
1066 702
156 119
1031 748
928 749
142 127
838 1019
954 893
167 117
1101 827
845 918
159 120
1085 909
1249 709
154 131
1137 932
1016 758
157 129
1049 1135
1152 926
144 148
1536 725
873 976
166 138
1231 984
1139 1141
170 137
1359 959
894 1039
179 147
1304 1013
1608 885
202 142
1334 1034
1314 782
178 164
1222 1142
1223 1174
184 155
1465 989
1058 996
195 159
1436 1025
1324 1115
193 167
1260 1181
1255 886
191 173
1523 1096
1282 1211
205 160
1374 1151
1385 986
188 175
1543 1130
1142 1515
207 169
1541 1156
1258 1074
237 154
1307 1404
1533 1218
253 152
1584 1380
1620 933
227 165
1600 1359
1598 1428
200 200
1666 1317
1664 1091
223 177
1774 1258
1701 1440
232 186
1668 1488
1520 1264
312 149
1782 1395
1955 1322
230 207
1799 1399
1800 1561
250 215
1909 1397
1912 1405
254 229
1616 1604
1822 1577
322 191
300 213
1921 1506
268 270
283 253
289 245
295 244
279 265
288 249
310 232
318 243
338 233
326 246
340 240
287 295
330 251
325 263
342 259
408 223
327 278
381 241
308 306
410 234
372 277
315 326
377 285
388 301
348 332
396 302
417 284
359 328
386 317
404 312
426 310
407 318
382 336
563 254
415 365
391 417
537 313
494 330
425 392
437 382
499 342
422 413
462 383
443 404
435 444
474 408
511 387
440 453
581 351
515 393
565 373
524 406
539 397
566 418
510 470
540 442
703 361
483 537
602 433
567 456
560 473
608 437
624 435
725 379
627 440
588 469
609 455
601 465
541 533
549 545
664 457
650 479
697 443
578 535
626 507
679 483
780 402
634 530
644 527
682 518
629 557
598 580
699 517
807 434
571 623
657 561
724 522
670 564
728 544
676 582
705 578
710 579
765 546
759 550
570 770
718 607
685 646
769 569
756 592
701 668
910 512
733 634
936 506
729 676
789 608
783 621
770 673
795 648
777 683
883 606
717 850
740 816
846 658
834 665
927 609
1027 573
920 629
967 617
930 642
903 671
872 714
821 780
1140 571
863 740
858 743
792 843
784 855
885 744
1067 628
992 692
923 755
754 1008
935 747
937 761
953 753
1100 661
909 822
959 777
881 882
852 913
817 970
1060 735
965 812
898 889
990 786
1111 705
1141 704
941 869
1097 745
1037 788
970 854
1000 837
1061 801
1354 631
1083 795
1003 860
1012 858
1014 861
871 1011
1108 796
1096 813
1170 768
1069 852
982 936
1161 803
989 938
1041 907
948 998
1166 831
1059 919
1230 779
1402 715
994 979
1415 720
1122 900
1240 814
1183 894
1144 925
1047 999
1189 898
1371 791
1228 876
1076 997
1104 995
1410 823
1216 930
1476 797
1157 978
1148 987
1564 776
1296 906
1017 1165
1119 1064
1187 1004
981 1277
1024 1214
1191 1012
1315 937
962 1326
1171 1059
1116 1133
1669 806
1289 981
1224 1036
1113 1176
1388 949
1414 943
1266 1026
1302 994
1526 895
1456 954
1323 1021
1215 1127
1030 1432
1217 1154
1657 896
1192 1202
1547 944
1328 1063
1250 1139
1285 1122
1186 1241
1257 1159
1433 1023
1321 1089
1331 1083
1235 1205
1426 1042
1326 1119
1117 1408
1346 1114
1219 1268
1367 1110
1372 1108
1317 1172
1452 1054
1444 1068
1499 1038
1506 1045
1424 1095
1320 1195
1417 1120
1165 1423
1585 1031
1457 1105
1435 1157
1401 1196
1280 1320
1501 1118
1431 1183
1421 1201
1365 1250
1405 1224
1206 1471
1419 1232
1418 1236
1553 1134
1548 1148
1446 1230
1734 1047
1652 1093
1489 1239
1484 1243
1491 1248
1540 1210
1638 1149
1576 1199
1713 1097
1682 1129
1332 1453
1797 1062
1363 1422
1561 1226
1409 1387
1353 1458
1498 1327
1350 1485
1485 1372
1551 1321
1554 1330
1300 1584
1438 1465
1375 1529
1479 1434
1953 1035
1621 1288
1342 1556
1527 1390
1521 1403
1537 1392
1587 1343
1636 1306
1558 1382
1689 1265
1614 1329
1645 1336
1752 1262
1628 1371
1790 1238
1828 1221
1578 1448
1453 1549
1602 1437
1655 1398
1654 1413
1647 1445
1933 1185
1761 1334
1836 1285
1837 1287
1745 1368
1591 1518
1759 1363
1886 1242
1648 1491
1838 1319
1637 1503
1649 1498
1662 1480
1568 1565
1877 1293
1748 1424
1770 1414
1708 1492
1659 1533
1607 1581
1841 1412
1950 1275
1824 1439
1879 1447
1840 1552
1852 1541
1937 1475
1910 1530
1864 1590
1926 1542
1958 1524
1872 1594
1939 1592
1880 1613
1936 1614
1994239242 2116623478
1
sift 135
23 25
57 61
5 7
81 111
9 8
28 34
324 411
22 51
114 127
53 57
125 150
356 402
65 52
165 164
75 71
126 163
389 524
89 70
221 185
60 96
180 196
592 534
77 113
218 215
112 109
225 220
743 622
144 112
229 253
159 193
259 226
720 736
257 137
264 245
227 206
233 252
816 691
203 242
260 262
230 269
236 307
746 814
303 219
427 383
270 266
296 375
818 772
287 289
459 477
391 230
375 434
793 844
268 455
642 551
347 355
577 581
865 798
384 315
488 712
372 578
590 602
860 841
470 443
681 647
510 419
726 554
891 931
462 485
882 535
468 541
562 684
954 885
524 507
599 782
653 566
604 733
1152 783
740 509
719 1025
654 671
672 702
1139 819
729 626
822 894
807 591
737 668
1455 1065
770 711
1006 1096
625 802
766 775
1101 1405
1075 587
1303 912
890 682
859 778
1458 1114
803 799
1514 957
788 936
887 888
1374 1329
846 878
1229 1270
999 922
1465 1141
1608 1324
1061 1015
1860 996
837 1262
1304 1292
1402 897
1694 1265
976 1284
1730 1139
1024 1272
1442 1500
1617 946
1307 1446
1019 1440
1341 1134
1782 1207
1302 1179
1417 1248
1523 1389
1749 1252
1346 1551
1945 1196
1559 1593
1581 1473
1943 1294
1967 1322
1909 1460
1810 1619
1938 1528
2044755424 2116623478
1
sift 53
28 34
596 736
192 169
567 647
125 150
184 220
1000 1305
188 252
211 226
201 303
258 411
291 380
279 524
355 434
422 454
410 602
446 581
532 554
454 702
559 611
500 668
531 684
600 622
539 733
568 775
667 691
625 814
751 778
699 841
756 798
690 875
724 862
793 888
927 784
818 922
817 931
893 885
1141 819
931 1198
989 1141
826 1404
885 1324
983 1174
1019 1219
1013 1292
1115 1314
1151 1329
1096 1389
1430 1145
1395 1207
1333 1283
1404 1446
1397 1460
